     0/299     3.16G   0.08177    0.0171   0.01716     0.116        43       640  0.004106    0.0367  0.001574 0.0003475    0.1167    0.0236   0.01834
     1/299     13.3G   0.07459   0.01561   0.01528    0.1055        79       640   0.01814    0.2253   0.01033  0.002732    0.1085   0.02414   0.01695
     2/299     13.3G   0.06711   0.01453   0.01374   0.09537        76       640   0.07543    0.2799   0.05493   0.01847   0.09949   0.02544   0.01624
     3/299     13.3G   0.06009   0.01392   0.01335   0.08736        54       640    0.2376    0.3165    0.2266   0.09212   0.09364   0.02501    0.0154
     4/299     13.3G   0.05575   0.01382   0.01257   0.08214        49       640    0.3182     0.487     0.341    0.1452   0.08684   0.02425   0.01507
     5/299     13.3G   0.05188    0.0119   0.01203   0.07581        50       640    0.8388     0.367    0.3838    0.1873   0.08452   0.02203   0.01502
     6/299     13.3G   0.05007   0.01038   0.01188   0.07233        52       640     0.829    0.3532    0.3888    0.1768    0.0817   0.02117   0.01449
     7/299     13.3G   0.05022  0.009956   0.01273   0.07291        36       640    0.2722    0.5426     0.415    0.2185   0.08183   0.02044   0.01494
     8/299     13.3G   0.05239  0.009525   0.01297   0.07488        47       640    0.8499    0.3211    0.3903    0.2078   0.09085   0.01856   0.01493
     9/299     13.3G    0.0554  0.009751    0.0126   0.07775        80       640     0.162    0.3584    0.1705   0.04919    0.0986   0.01927   0.01522
    10/299     13.4G   0.05618   0.01001     0.013    0.0792        67       640    0.2711    0.3722    0.2288   0.06172   0.09617   0.02004    0.0169
    11/299     13.4G   0.04749  0.009799   0.01165   0.06894        79       640    0.8258    0.2661    0.3093     0.133   0.09941   0.01746    0.0159
    12/299     13.4G   0.05847   0.01024   0.01246   0.08117        54       640    0.2535    0.1291   0.08578   0.03221    0.1044   0.02324   0.01655
    13/299     13.4G   0.06038   0.01012    0.0131    0.0836        47       640   0.05652    0.1287   0.01759  0.004638    0.1091   0.02199   0.01778
    14/299     13.4G   0.05594   0.01223   0.01254   0.08072        63       640  0.003126   0.07339 0.0008753 0.0001481    0.1136   0.03674   0.01574
    15/299     13.4G   0.05772   0.01134     0.012   0.08106        61       640  0.001057   0.03682 7.579e-05 1.066e-05    0.1392    0.9299    0.1424
    16/299     13.4G   0.05272   0.01176   0.01095   0.07544        46       640    0.5002    0.0367 2.838e-05 5.036e-06    0.1431     6.408   0.07031
    17/299     13.4G   0.06729    0.0106   0.01344   0.09133        52       640 0.0003626   0.01389 1.518e-05 6.074e-06    0.1408   0.04327    0.2571
    18/299     13.4G   0.05631   0.01155   0.01069   0.07855        64       640 0.0003604   0.03682 1.685e-05 4.857e-06    0.1309   0.08091    0.8851
    19/299     13.4G   0.06199   0.01143   0.01078    0.0842        46       640 0.0008033  0.004587 4.565e-05 4.769e-06    0.1271    0.1149   0.06639
    20/299     13.4G   0.05946   0.01136   0.01233   0.08315        71       640 0.0004756   0.01376 5.131e-05 6.974e-06    0.1336    0.8253    0.5456
    21/299     13.4G   0.06419   0.01226   0.01297   0.08943        57       640  0.001499  0.004587 0.0001347 1.785e-05    0.1242   0.03811    0.2463
    22/299     13.4G   0.05932   0.01185   0.01178   0.08295        55       640  0.001844  0.004587 0.0002372  3.89e-05    0.1199   0.02335   0.05747
    23/299     13.4G   0.05585   0.01189   0.01185   0.07959        43       640    0.5017  0.004587 0.0002488 4.555e-05    0.1163   0.02859   0.03277
    24/299     13.4G   0.04996   0.01186   0.01026   0.07208        38       640  0.002088   0.01376 0.0003001  4.87e-05    0.1175   0.02204    0.0137
    25/299     13.4G   0.05327   0.01188  0.009012   0.07416        59       640   0.05826  0.004587 0.0006794 0.0001511    0.1175   0.02192   0.01375
    26/299     13.4G   0.04913   0.01181  0.009758    0.0707        39       640    0.5351  0.004587  0.000723 9.574e-05    0.1171   0.02201   0.01362
    27/299     13.4G   0.04591   0.01178  0.008626   0.06632        65       640    0.5217  0.009174  0.003532   0.00116    0.1184   0.02105   0.01369
    28/299     13.4G   0.04445   0.01096  0.008344   0.06375        31       640    0.5147  0.004587  0.001468 0.0002917    0.1165    0.0218   0.01365
    29/299     13.4G   0.04219   0.01128  0.008491   0.06197        57       640  0.009817   0.04128  0.006112  0.001448    0.1166   0.02113   0.01369
    30/299     13.4G    0.0423   0.01096  0.008987   0.06225        58       640  0.009807   0.07339  0.004241 0.0007814     0.117   0.02212   0.01361
    31/299     13.4G   0.04446   0.01153   0.00875   0.06474        64       640    0.5635   0.03211   0.01434  0.002713    0.1155   0.02129   0.01385
    32/299     13.4G   0.04344   0.01093  0.008907   0.06328        63       640   0.01836   0.05963  0.006586   0.00126    0.1147   0.02301   0.01442
    33/299     13.4G   0.04379   0.01145   0.00882   0.06406        60       640   0.01315    0.0367  0.003742 0.0005941    0.1183   0.01995   0.01594
    34/299     13.4G   0.04106   0.01063  0.008906   0.06059        50       640    0.5744   0.05505   0.01882  0.004088    0.1152   0.02056    0.0144
    35/299     13.4G   0.04419   0.01076  0.008668   0.06362        47       640   0.01506   0.07798  0.006726  0.001673    0.1139   0.02183   0.01416
    36/299     13.4G   0.04029   0.01064  0.009217   0.06015        52       640    0.5363   0.07339   0.01245   0.00338    0.1125   0.02183   0.01452
    37/299     13.4G   0.04058   0.01064   0.00873   0.05996        45       640    0.5937   0.08257   0.03226   0.01161    0.1185   0.01798   0.01431
    38/299     13.4G   0.04134    0.0109  0.009002   0.06124        56       640    0.2077   0.05505   0.03916   0.01249     0.113   0.02065   0.01408
    39/299     13.4G   0.04133   0.01046  0.008788   0.06058        56       640    0.1197   0.08716   0.05824   0.02261     0.114   0.01986   0.01415
    40/299     13.4G   0.04602   0.01108  0.008872   0.06597        52       640   0.09952    0.1975    0.0848    0.0342    0.1146   0.01862   0.01394
    41/299     13.4G   0.04457   0.01023  0.009552   0.06436        59       640   0.08491     0.179   0.08227   0.03706    0.1125   0.02039   0.01388
    42/299     13.4G   0.04721   0.01017   0.00906   0.06644        38       640     0.121    0.1216   0.09504   0.04946    0.1124   0.02028   0.01401
    43/299     13.4G   0.03838   0.01023  0.008697   0.05731        50       640     0.096    0.1561   0.08066   0.03434    0.1117   0.02083   0.01361
    44/299     13.4G    0.0454   0.01051  0.008802   0.06471        50       640    0.1466    0.1055   0.08876   0.04159    0.1102   0.02069   0.01318
    45/299     13.4G   0.04023   0.01102  0.008674   0.05993        48       640    0.1749    0.1194   0.08097   0.03702    0.1124   0.01972   0.01321
    46/299     13.4G    0.0388   0.01038  0.008534   0.05772        52       640    0.1217   0.06422   0.04154   0.01974    0.1151   0.01996   0.01352
    47/299     13.4G   0.04135   0.01121  0.008754   0.06131        51       640    0.1656    0.1653    0.1118    0.0549    0.1086   0.02029   0.01332
    48/299     13.4G   0.03737   0.01003  0.008082   0.05548        58       640    0.1748    0.1469    0.1242   0.05537    0.1096   0.01968   0.01294
    49/299     13.4G   0.03657    0.0103  0.008352   0.05521        66       640    0.1913    0.1929    0.1345   0.07334     0.109   0.01952   0.01319
    50/299     13.4G   0.04056   0.01023  0.008334   0.05912        61       640    0.2652     0.114    0.1318   0.06724    0.1116   0.01882   0.01322
    51/299     13.4G    0.0362  0.009835  0.008399   0.05443        54       640    0.1347    0.2991    0.1415   0.06955    0.1108   0.01819   0.01321
    52/299     13.4G   0.04021   0.01069  0.007887   0.05879        50       640      0.13    0.2299    0.1333    0.0659    0.1124   0.01806   0.01299
    53/299     13.4G    0.0389   0.01099  0.008095   0.05799        41       640    0.1872     0.213     0.151   0.06021    0.1118   0.01826   0.01303
    54/299     13.4G   0.03595  0.009673  0.008447   0.05407        72       640    0.1944    0.2299    0.1546   0.07556    0.1081   0.01971   0.01281
    55/299     13.4G   0.03403   0.01059  0.008085   0.05271        60       640    0.1893    0.2389    0.1728   0.09067    0.1057   0.01947   0.01382
    56/299     13.4G   0.03526   0.01044  0.008429   0.05414        33       640    0.2778    0.2114    0.1846    0.0908    0.1082   0.01942   0.01576
    57/299     13.4G    0.0365   0.01042  0.008082     0.055        42       640     0.336     0.239    0.2249    0.1066    0.1071   0.01951   0.01323
    58/299     13.4G   0.03385    0.0106  0.007714   0.05216        41       640     0.312     0.276    0.2218    0.1199    0.1036   0.02039   0.01334
    59/299     13.4G   0.03392   0.01025  0.008678   0.05285        55       640    0.3458    0.2345    0.2231    0.1116    0.1049   0.01971   0.01469
    60/299     13.4G   0.03293   0.01059  0.007526   0.05105        52       640    0.4296    0.2385    0.2265    0.1228    0.1041   0.01948   0.01492
    61/299     13.4G   0.03213   0.01054   0.00739   0.05006        54       640    0.2707     0.308    0.2332    0.1305    0.1024   0.01915   0.01507
    62/299     13.4G   0.03376   0.01009  0.007939   0.05179        57       640    0.2764    0.2483    0.1758    0.0917    0.1044   0.01998   0.03103
    63/299     13.4G   0.03215   0.01007  0.007357   0.04958        46       640    0.3172    0.2115     0.168    0.0969    0.1035   0.02095   0.02561
    64/299     13.4G   0.03226    0.0106  0.007533    0.0504        49       640    0.2185    0.2991    0.2028    0.1155    0.1029   0.02049    0.0154
    65/299     13.4G   0.03456  0.009204  0.007742   0.05151        51       640    0.2501    0.3304    0.2328      0.13    0.1012   0.02092   0.01346
    66/299     13.4G   0.03121   0.01051   0.00756   0.04929        51       640    0.3611    0.2713    0.2505    0.1344    0.1018    0.0202   0.01297
    67/299     13.4G    0.0316   0.01018  0.007714   0.04949        61       640      0.42    0.2624    0.2807    0.1612    0.1001   0.02056   0.01298
    68/299     13.4G   0.03047   0.01037  0.007171   0.04802        54       640    0.4808    0.2715    0.2872    0.1597    0.1006   0.02002   0.01301
    69/299     13.4G   0.03051  0.009871  0.007263   0.04765        46       640    0.2995    0.3268     0.251    0.1533    0.1003   0.02114   0.01272
    70/299     13.4G   0.03171  0.009251  0.007057   0.04802        37       640    0.3043    0.3452    0.2926    0.1737   0.09971   0.02024   0.01282
    71/299     13.4G   0.02906   0.00963  0.006979   0.04566        71       640    0.4833    0.2714    0.3123    0.1789    0.1004   0.01955   0.01275
    72/299     13.4G   0.02904  0.009537  0.006143   0.04472        46       640    0.4614    0.2988    0.3181    0.1835    0.1003   0.01938   0.01304
    73/299     13.4G   0.02872  0.009852  0.006608   0.04518        59       640    0.3432    0.3818    0.3284    0.1736    0.1003   0.01925   0.01349
    74/299     13.4G   0.02876  0.009577  0.006406   0.04474        49       640    0.4559    0.3402    0.3369    0.1763   0.09983   0.01956   0.01332
    75/299     13.4G   0.02823  0.009574  0.006379   0.04418        62       640    0.5966    0.2986    0.3228    0.1847   0.09929   0.01969   0.01289
    76/299     13.4G   0.02829  0.009711  0.006295   0.04429        50       640    0.5594    0.3626    0.3685    0.2056   0.09886    0.0197   0.01211
    77/299     13.4G    0.0367  0.009455  0.006077   0.05223        62       640    0.4678    0.3817    0.3724    0.2013   0.09906   0.02044   0.01214
    78/299     13.4G   0.03247  0.009552  0.006117   0.04814        52       640    0.4694    0.3682    0.3708    0.2177   0.09879   0.02075   0.01229
    79/299     13.4G    0.0288   0.01018  0.005833   0.04481       100       640    0.3968    0.3592    0.3334    0.1952   0.09904   0.02154    0.0127
    80/299     13.4G   0.02699  0.009385  0.005275   0.04166        70       640     0.586    0.3496     0.386    0.2209   0.09886   0.01955   0.01273
    81/299     13.4G   0.02719  0.009082   0.00509   0.04137        33       640    0.6685    0.3406    0.3664    0.2131   0.09945   0.01891   0.01336
    82/299     13.4G   0.02765  0.009714  0.005377   0.04274        75       640    0.5379    0.3313    0.3693    0.2011    0.1004   0.01872   0.01362
    83/299     13.4G   0.03117  0.009484  0.004936   0.04559        94       640    0.4616    0.3728    0.3534     0.199    0.1001   0.01857   0.01395
    84/299     13.4G   0.03238   0.01017  0.007159   0.04972        52       640  0.005755   0.05963  0.001734 0.0004675    0.1177   0.05361    0.0419
    85/299     13.4G   0.03516   0.01152  0.007385   0.05407        55       640   0.06201   0.05059  0.008127  0.002679    0.1153   0.02503   0.01648
    86/299     13.4G   0.03374  0.009856  0.006962   0.05056        53       640   0.09699    0.1106   0.02984   0.01137    0.1118   0.02299   0.01516
    87/299     13.4G   0.03501   0.01023  0.006973   0.05222        68       640    0.1879    0.1542   0.07459   0.03114    0.1094    0.0234    0.0146
    88/299     13.4G   0.03407   0.01017  0.007109   0.05134        51       640   0.07824   0.09671   0.02257  0.008517    0.1149   0.02921     0.021
    89/299     13.4G   0.04947   0.01365   0.01143   0.07455        50       640 0.0005744   0.01376 1.807e-05 1.807e-06    0.1436    0.6684    0.6874
    90/299     13.4G   0.04669   0.01193  0.009181    0.0678        71       640         0         0         0         0    0.1367   0.08979    0.1767
    91/299     13.4G    0.0493   0.01078  0.009164   0.06925        32       640  0.001067   0.02294 0.0001295 1.847e-05    0.1252   0.04458   0.06682
    92/299     13.4G   0.04898    0.0097  0.009336   0.06802        72       640  0.000362   0.03211 2.781e-05 3.892e-06    0.1298   0.02826   0.01943
    93/299     13.4G   0.04844  0.009623  0.009312   0.06738        43       640    0.5018    0.0367 0.0004979 8.868e-05    0.1189   0.02133   0.01568
    94/299     13.4G   0.05038   0.01097  0.009282   0.07063        56       640    0.5057   0.03211  0.001806 0.0002699    0.1151   0.02117    0.0146
    95/299     13.4G   0.04928    0.0105  0.009445   0.06922        47       640    0.5093    0.0367  0.001769 0.0002581    0.1145   0.02164   0.01419
    96/299     13.4G   0.05019   0.01068  0.009281   0.07015        71       640    0.5088   0.05046  0.001423 0.0002132    0.1137    0.0223   0.01407
    97/299     13.4G   0.04286   0.01046  0.008354   0.06167        33       640    0.5158   0.02752   0.00267 0.0003655    0.1133    0.0221   0.01383
    98/299     13.4G   0.04599   0.01101  0.009442   0.06645        75       640    0.5061   0.05046  0.001881 0.0002603     0.113   0.02176   0.01366
    99/299     13.4G   0.04791   0.01049  0.009086   0.06749        47       640    0.5051   0.01835  0.001424   0.00023    0.1134   0.02159   0.01364
   100/299     13.4G    0.0448  0.009282   0.00859   0.06267        53       640    0.5121   0.01835  0.002498  0.000387    0.1136   0.02152   0.01364
   101/299     13.4G   0.04464  0.009325  0.008641    0.0626        55       640    0.5096   0.02752  0.002388  0.000449    0.1132   0.02154   0.01373
   102/299     13.4G   0.04509   0.01033  0.008058   0.06348        67       640     0.513   0.04128  0.004915 0.0008551    0.1125   0.02145   0.01364
   103/299     13.4G   0.04526  0.009747  0.008716   0.06373        44       640    0.5132   0.02294   0.00576  0.001128    0.1121   0.02141   0.01371
   104/299     13.4G   0.04801  0.009348  0.009125   0.06648        63       640     0.528   0.03211   0.01023  0.001832    0.1111   0.02193   0.01399
   105/299     13.4G   0.04757   0.01025  0.009056   0.06687        69       640    0.5282   0.05046  0.008962  0.002358      0.11   0.02239    0.0141
   106/299     13.4G   0.04475  0.009245  0.008575   0.06258        59       640    0.5337   0.04587   0.01016  0.002103    0.1109   0.02231     0.014
   107/299     13.4G   0.05294    0.0101  0.009196   0.07224        77       640    0.0323     0.124  0.008188  0.002309      0.12   0.02417   0.05302
   108/299     13.4G   0.05008  0.009906  0.008732   0.06872        51       640    0.5249    0.0367   0.00557   0.00104     0.124   0.02633    0.0884
   109/299     13.4G   0.04995  0.009722  0.008716   0.06839        57       640    0.5093   0.01835  0.001568 0.0002893    0.1245   0.02757    0.1374
   110/299     13.4G   0.04819   0.00974  0.009119   0.06705        55       640     0.018     0.202  0.003165  0.000753    0.1218   0.02413    0.1057
   111/299     13.4G   0.04328   0.00921  0.008377   0.06086        54       640    0.5167   0.03211  0.005319  0.001144    0.1188   0.02209   0.07944
   112/299     13.4G   0.04638  0.009729  0.008566   0.06467        62       640    0.5365   0.05046   0.01227  0.002409    0.1153   0.02126   0.04628
   113/299     13.4G   0.04762    0.0103  0.009457   0.06737        62       640    0.5338   0.03528  0.009469  0.001819    0.1146   0.02113   0.02972
   114/299     13.4G   0.04549  0.009361  0.009036   0.06388        73       640    0.5967    0.0367   0.01662  0.003382    0.1156   0.02115   0.04735
   115/299     13.4G    0.0424   0.01038  0.008525    0.0613        65       640    0.5618   0.05957   0.02225  0.003804    0.1145   0.02062   0.04294
   116/299     13.4G   0.04714  0.009563  0.008662   0.06537        55       640    0.5238   0.06422   0.01049  0.002168    0.1129    0.0198   0.01395
   117/299     13.4G    0.0515  0.009297  0.009105    0.0699        58       640    0.5318   0.05505   0.01261  0.002194    0.1133   0.01937    0.0139
   118/299     13.4G   0.04758   0.01068  0.008769   0.06703        47       640    0.5364   0.05963   0.01472  0.003069    0.1128   0.01974   0.01575
   119/299     13.4G   0.04897   0.01041  0.009501   0.06888        60       640    0.5311   0.07798    0.0128  0.002903    0.1113   0.02035   0.01501
   120/299     13.4G   0.04344   0.01061  0.008379   0.06243        49       640    0.5281    0.1193    0.0144  0.002692    0.1107   0.02054   0.01393
   121/299     13.4G   0.04109    0.0101  0.008582   0.05978        54       640    0.5252   0.09174    0.0119  0.002479    0.1106   0.02046    0.0136
   122/299     13.4G   0.04429   0.01004  0.008377   0.06272        58       640    0.5405   0.09174    0.0184  0.003887    0.1094   0.02073   0.01352
   123/299     13.4G    0.0409   0.01078  0.008339   0.06002        46       640    0.5362   0.09633   0.01846  0.003855    0.1093   0.02066   0.01345
   124/299     13.4G   0.04646  0.009934  0.009157   0.06556        43       640    0.5568   0.05505   0.01974  0.003994    0.1092    0.0208   0.01379
   125/299     13.4G   0.04592  0.009861  0.008965   0.06475        54       640    0.5501    0.1009   0.02456  0.004882    0.1079   0.02131     0.014
   126/299     13.4G   0.04224   0.01034  0.008733   0.06131        81       640   0.06651    0.1793    0.0336  0.006534    0.1082   0.02145   0.01382
   127/299     13.4G   0.04599   0.01019  0.008408   0.06459        60       640   0.05536   0.08257   0.02664  0.007371    0.1081   0.02139   0.01388
   128/299     13.4G   0.04326   0.01037   0.01011   0.06373        69       640   0.05776    0.1009   0.03044  0.009072    0.1068   0.02186   0.01359
   129/299     13.4G   0.04349    0.0103  0.008261   0.06205        50       640    0.5501   0.06881   0.02307  0.006123    0.1069   0.02175   0.01324
   130/299     13.4G   0.04032   0.01087  0.007907   0.05909        52       640    0.1275      0.11   0.02236  0.005077     0.109   0.02083   0.01312
   131/299     13.4G   0.04442  0.009764  0.008534   0.06272        39       640     0.549    0.1099   0.04051  0.009525    0.1054    0.0224   0.01313
   132/299     13.4G   0.03937  0.009402  0.008117   0.05689        47       640    0.1376    0.1654   0.04944   0.01022    0.1053   0.02223   0.01303
   133/299     13.4G    0.0461   0.01026  0.008472   0.06484        61       640    0.1423    0.1194   0.03446  0.008917    0.1069   0.02143   0.01295
   134/299     13.4G   0.04147   0.01094  0.008578   0.06099        52       640   0.08062   0.07339   0.03466   0.01071    0.1065   0.02134   0.01315
   135/299     13.4G    0.0441   0.01047  0.008369   0.06294        69       640   0.09649   0.08716   0.04192   0.01156    0.1039   0.02257   0.01327
   136/299     13.4G   0.03902  0.009622  0.008217   0.05686        57       640    0.1686    0.1148   0.05022   0.01148    0.1045   0.02227   0.01308
   137/299     13.4G   0.03737   0.01006  0.008094   0.05553        48       640    0.3823   0.08636   0.06205   0.01519    0.1047   0.02197   0.01341
   138/299     13.4G   0.03728   0.01043  0.008427   0.05614        61       640    0.2158     0.147    0.0701   0.01719    0.1037    0.0224   0.01324
   139/299     13.4G   0.03744   0.01012   0.00811   0.05567        49       640     0.336    0.1425   0.07214   0.01757    0.1036   0.02274    0.0129
   140/299     13.4G   0.04036   0.01088  0.008041   0.05928        41       640    0.2059    0.1839   0.07263   0.02143    0.1028   0.02275   0.01296
   141/299     13.4G    0.0439  0.009853  0.008851    0.0626        53       640    0.3147    0.1286   0.08445   0.02637    0.1031    0.0224   0.01299
   142/299     13.4G   0.03993   0.01043  0.008205   0.05857        61       640    0.2644     0.124   0.08872   0.02843    0.1038   0.02228   0.01289
   143/299     13.4G   0.03809   0.01058  0.007721   0.05639        37       640    0.1879    0.1793   0.09837   0.03228    0.1041   0.02193   0.01274
   144/299     13.4G   0.03971   0.01078  0.007693   0.05818        45       640     0.203    0.1816    0.1071   0.03302    0.1032   0.02203   0.01275
   145/299     13.4G   0.04236  0.009989  0.009108   0.06145        48       640    0.2018    0.1472   0.09288   0.03183    0.1029   0.02233   0.01276
   146/299     13.4G   0.03815  0.009761  0.008005   0.05592        67       640    0.1484    0.1792   0.08042   0.03237    0.1022    0.0222   0.01277
   147/299     13.4G   0.03807   0.00983  0.007548   0.05545        47       640     0.211    0.1885    0.1053   0.04298    0.1017   0.02204   0.01283
   148/299     13.4G   0.04276   0.01004   0.00783   0.06063        36       640    0.2567    0.1606    0.1185   0.05509    0.1031   0.02187   0.01274
   149/299     13.4G   0.03863   0.01065  0.007995   0.05728        39       640    0.2128    0.1793     0.112   0.04836    0.1031   0.02122   0.01268
   150/299     13.4G   0.03692  0.009941  0.008291   0.05515        48       640    0.2935    0.1426    0.1163   0.04894    0.1039   0.02113   0.01272
   151/299     13.4G   0.04025   0.01078  0.007604   0.05863        61       640    0.1598    0.1793     0.115   0.05077    0.1044   0.02073   0.01285
   152/299     13.4G   0.03697    0.0106  0.008166   0.05574        63       640    0.2453    0.1793    0.1411   0.06849    0.1032    0.0208   0.01305
   153/299     13.4G   0.04104   0.01031  0.007861   0.05921        70       640    0.4769    0.1334     0.147   0.06264    0.1033    0.0209     0.013
   154/299     13.4G   0.03537   0.01026  0.007537   0.05317        51       640    0.3611    0.1471    0.1383   0.06354    0.1036   0.02119   0.01294
   155/299     13.4G   0.03525  0.009707  0.007809   0.05276        38       640    0.4003     0.138    0.1467   0.06752    0.1027   0.02106   0.01309
   156/299     13.4G    0.0383   0.01098  0.007693   0.05697        42       640    0.3733    0.1472    0.1411   0.06478    0.1025   0.02093   0.01304
   157/299     13.4G   0.03502   0.01014  0.007505   0.05266        45       640    0.2399    0.1656     0.137   0.06333    0.1029   0.02094   0.01323
   158/299     13.4G   0.03464   0.01075   0.00735   0.05275        59       640    0.2492    0.1472    0.1396   0.06629     0.103   0.02106   0.01305
   159/299     13.4G   0.03991   0.01072  0.007492   0.05811        52       640    0.2073    0.1932    0.1487   0.06803    0.1028   0.02065   0.01331
   160/299     13.4G   0.03657   0.01063  0.007421   0.05462        60       640    0.2432    0.1563    0.1428   0.06915    0.1027   0.02069   0.01332
   161/299     13.4G   0.03443   0.00975  0.006703   0.05088        54       640    0.2228    0.2114    0.1437   0.07236    0.1027   0.02034   0.01329
   162/299     13.4G   0.03685  0.009962  0.007288    0.0541        52       640    0.3585    0.1563    0.1518   0.07539    0.1021   0.02052   0.01321
   163/299     13.4G   0.03578  0.009313  0.007053   0.05214        53       640    0.3062    0.1747    0.1576   0.07615    0.1033    0.0209   0.01293
   164/299     13.4G    0.0404   0.01033  0.009174   0.05991        73       640    0.3444    0.1793    0.1711   0.07287    0.1031   0.02002   0.01312
   165/299     13.4G   0.03629   0.01012   0.00751   0.05392        52       640    0.3244    0.2022    0.1824   0.08278    0.1027   0.02018   0.01331
   166/299     13.4G   0.03712   0.01048  0.006957   0.05456        37       640    0.2703    0.1885    0.1446   0.06273    0.1039   0.02071   0.01451
   167/299     13.4G   0.04067   0.01089  0.007963   0.05952        60       640    0.3842     0.165    0.1618   0.06438    0.1042   0.02007   0.01387
   168/299     13.4G   0.03447  0.009677  0.007125   0.05128        35       640    0.2576    0.1933    0.1644   0.07108    0.1033   0.02062   0.01366
   169/299     13.4G   0.03238  0.009221  0.007089   0.04869        40       640    0.1908    0.2899    0.1748   0.07796    0.1037   0.02036   0.01347
   170/299     13.4G   0.03861   0.01004   0.00719   0.05584        55       640    0.3061    0.2108    0.1925   0.09375    0.1022    0.0198   0.01296
   171/299     13.4G   0.03781   0.01043  0.007911   0.05615        67       640    0.2308    0.2485    0.1891   0.09507    0.1009   0.02007   0.01353
   172/299     13.4G   0.03578   0.01004  0.007195   0.05301        84       640    0.3461    0.2209    0.1997   0.09313    0.1019   0.02021   0.01292
   173/299     13.4G    0.0357  0.009989  0.007195   0.05288        62       640     0.288    0.2532    0.1974   0.09834    0.1013   0.02029   0.01284
   174/299     13.4G   0.03595   0.01021  0.006805   0.05297        77       640    0.2067    0.3453    0.1767   0.08498    0.1019    0.0204   0.01278
   175/299     13.4G   0.03312   0.01004  0.006861   0.05002        64       640    0.2831    0.2614    0.2062   0.09762     0.102   0.01978     0.013
   176/299     13.4G   0.03556    0.0105  0.007229   0.05329        46       640    0.3154    0.2485    0.1967   0.08933    0.1016   0.01989   0.01282
   177/299     13.4G   0.03274   0.01006  0.006264   0.04906        68       640    0.2172    0.2626    0.1837   0.09198    0.1008   0.02095    0.0136
   178/299     13.4G   0.03309  0.009433  0.006701   0.04923        28       640    0.2831    0.2485    0.1929   0.09547    0.1012   0.02038   0.01298
   179/299     13.4G   0.03494   0.01028  0.006906   0.05213        71       640     0.381    0.2852    0.2272    0.1096    0.1009   0.01969    0.0129
   180/299     13.4G   0.03894   0.01014  0.007943   0.05702        73       640     0.325    0.3307    0.2259    0.1093    0.1007   0.01986   0.01298
   181/299     13.4G   0.03422   0.01012   0.00649   0.05083        48       640    0.2872      0.29    0.2214   0.09727    0.1012   0.01986   0.01296
   182/299     13.4G   0.03217   0.01026  0.006753   0.04918        41       640    0.3681    0.2254    0.2244    0.1041    0.1014   0.02019   0.01272
   183/299     13.4G   0.04417   0.01041  0.006888   0.06147        59       640     0.345    0.2671    0.2414     0.109    0.1013   0.02029   0.01295
   184/299     13.4G   0.03804   0.01042  0.006906   0.05536        61       640    0.3103    0.3177    0.2375    0.1128    0.1005   0.02005   0.01315
   185/299     13.4G   0.03976  0.009592  0.007014   0.05636        63       640    0.2877    0.2946    0.2308     0.115    0.1004   0.01993   0.01329
   186/299     13.4G   0.03177  0.009895  0.006071   0.04773        68       640    0.2874    0.3175    0.2313    0.1134    0.1003   0.01972   0.01318
   187/299     13.4G   0.03384   0.01018  0.005962   0.04998        55       640    0.3941    0.2576    0.2348    0.1269    0.1003   0.01997    0.0134
   188/299     13.4G   0.03753   0.01033  0.007109   0.05498        79       640    0.3854    0.2115    0.2344    0.1171   0.09997   0.02028   0.01332
   189/299     13.4G   0.03226   0.01006   0.00586   0.04818        81       640    0.4411    0.2208    0.2341    0.1149   0.09908   0.02055   0.01348
   190/299     13.4G   0.03681  0.009861  0.006983   0.05365        39       640    0.3617    0.2439    0.2148   0.09682    0.1002   0.02053   0.01339
   191/299     13.4G   0.03208  0.009884  0.005875   0.04783        50       640    0.3402    0.2115    0.1959   0.09765       0.1   0.02072   0.01343
   192/299     13.4G   0.03284   0.01005  0.005963   0.04885        52       640    0.3108    0.3222    0.2541    0.1163    0.1002   0.02072   0.01348
   193/299     13.4G   0.03754  0.009861  0.006601     0.054        51       640    0.3023    0.3267      0.25    0.1284    0.0997   0.02024   0.01312
   194/299     13.4G   0.03517   0.01029  0.005955   0.05142        48       640    0.2681    0.3451    0.2707    0.1385   0.09889   0.02006   0.01315
   195/299     13.4G    0.0348  0.009833   0.00572   0.05035        50       640    0.4298     0.276    0.2833    0.1414   0.09898   0.02059   0.01322
   196/299     13.4G   0.03527  0.009839   0.00599    0.0511        36       640    0.3114    0.3085    0.2439    0.1318   0.09813   0.02084    0.0149
   197/299     13.4G   0.03858  0.009367   0.00621   0.05415        65       640    0.2758    0.3589    0.2601    0.1232   0.09857   0.02067   0.01363
   198/299     13.4G   0.03676  0.009914    0.0064   0.05308        54       640     0.371    0.2109    0.2271    0.1089   0.09937   0.02115   0.01285
   199/299     13.4G   0.03828   0.01082  0.006809   0.05591        57       640    0.3964    0.2345    0.2444    0.1098   0.09877    0.0206   0.01298
   200/299     13.4G   0.03387  0.009503  0.005789   0.04916        78       640    0.3248    0.3116    0.2451    0.1174   0.09782   0.02096   0.01311
   201/299     13.4G   0.03749  0.009306  0.006179   0.05297        38       640    0.3835    0.3175    0.2576     0.122   0.09793   0.02092   0.01309
   202/299     13.4G   0.03204   0.01018  0.005757   0.04797        53       640    0.4168    0.2621     0.265    0.1223   0.09833   0.02046   0.01313
   203/299     13.4G   0.03082  0.009907  0.005807   0.04654        75       640    0.4339    0.2668    0.2693    0.1329   0.09858   0.02047   0.01371
   204/299     13.4G   0.03249   0.01041  0.005672   0.04857        61       640    0.5108    0.2847    0.2827    0.1373   0.09837    0.0203    0.0145
   205/299     13.4G   0.03899  0.009329  0.006077    0.0544        47       640    0.5033     0.239    0.2633    0.1397   0.09825   0.02053    0.0139
   206/299     13.4G   0.03391  0.009818  0.005497   0.04923        73       640    0.3845    0.2574    0.2565    0.1236    0.0989   0.02071   0.01352
   207/299     13.4G   0.03586  0.009515  0.005601   0.05098        58       640    0.3755    0.2743    0.2653    0.1363   0.09856   0.02091   0.01344
   208/299     13.4G   0.03024   0.00999  0.005188   0.04542        66       640     0.415    0.2668    0.2754    0.1396   0.09843   0.02141   0.01298
   209/299     13.4G   0.03722   0.01037  0.006294   0.05388        71       640    0.3811    0.2899    0.2712    0.1324   0.09891   0.02088   0.01341
   210/299     13.4G   0.03375  0.009626  0.005488   0.04886        55       640    0.4847    0.2622    0.2968    0.1455   0.09813   0.02057   0.01328
   211/299     13.4G   0.03296  0.009579  0.005488   0.04802        66       640    0.5875    0.2576    0.2999    0.1528   0.09746   0.02061   0.01355
   212/299     13.4G   0.03066  0.009504  0.005372   0.04553        47       640    0.4874    0.2624    0.2728    0.1374   0.09765    0.0215   0.01439
   213/299     13.4G   0.03148  0.009235  0.005715   0.04643        83       640     0.593    0.2808    0.2911    0.1444   0.09766   0.02125   0.01382
   214/299     13.4G    0.0443  0.009342  0.007212   0.06086        47       640    0.2956    0.3684    0.2787    0.1425   0.09707   0.02073   0.01355
   215/299     13.4G   0.03703  0.009993  0.005861   0.05289        47       640    0.4819    0.2993    0.2948    0.1507    0.0967   0.02108   0.01374
   216/299     13.4G   0.03461   0.01008  0.005944   0.05063        65       640    0.5953    0.2394     0.292    0.1432   0.09666   0.02173   0.01378
   217/299     13.4G   0.03649   0.01019  0.005116    0.0518        48       640    0.4834    0.2346    0.2816    0.1435   0.09674   0.02086   0.01354
   218/299     13.4G    0.0346  0.009948  0.005653    0.0502        51       640    0.4434    0.2346    0.2644    0.1379   0.09705    0.0207   0.01367
   219/299     13.4G   0.03297  0.009642  0.005102   0.04771        64       640    0.3253    0.3406    0.2658     0.137   0.09734   0.02048   0.01366
   220/299     13.4G   0.02964  0.009397  0.004886   0.04392        50       640    0.4472    0.2337    0.2672    0.1377     0.098   0.02026   0.01296
   221/299     13.4G   0.03025   0.00968  0.005155   0.04509        65       640    0.4783    0.2204    0.2659     0.138   0.09842   0.02063   0.01299
   222/299     13.4G   0.02996  0.009939  0.005145   0.04505        44       640     0.325    0.3359    0.2846    0.1502   0.09688   0.02069   0.01314
   223/299     13.4G   0.02964  0.009562  0.005379   0.04458        39       640    0.3451    0.3177    0.2808    0.1458   0.09647   0.02125   0.01375
   224/299     13.4G   0.03011   0.01005  0.004947   0.04511        73       640    0.3484    0.3174     0.288    0.1416   0.09603   0.02116   0.01389
   225/299     13.4G   0.03182  0.009709  0.004859   0.04639        60       640    0.3826    0.2943    0.2745    0.1356    0.0967   0.02119   0.01333
   226/299     13.4G   0.02945  0.009194  0.004948   0.04359        38       640    0.4594    0.2621      0.28    0.1437   0.09649   0.02137   0.01298
   227/299     13.4G   0.02939   0.01028  0.004834   0.04451        59       640    0.5691    0.2622    0.3139    0.1507   0.09676   0.02088   0.01304
   228/299     13.4G   0.03189   0.01014   0.00516    0.0472        53       640    0.5365    0.2899    0.3164    0.1567   0.09649   0.02088    0.0132
   229/299     13.4G   0.03306  0.009158  0.005343   0.04756        44       640    0.4306    0.3589    0.3168    0.1673    0.0964   0.02025   0.01364
   230/299     13.4G   0.02941  0.009174  0.005076   0.04366        61       640    0.3577    0.3626       0.3    0.1501   0.09664   0.02018   0.01391
   231/299     13.4G   0.03219  0.008556  0.005329   0.04607        45       640    0.3281    0.4049    0.3015     0.146   0.09625   0.02047   0.01368
   232/299     13.4G   0.03604   0.01009   0.00569   0.05182        72       640    0.4397    0.3174    0.3076    0.1508   0.09628   0.02032    0.0132
   233/299     13.4G   0.02909  0.009711  0.004805    0.0436        52       640    0.4697    0.3175    0.3174    0.1624   0.09571   0.02056   0.01331
   234/299     13.4G    0.0289   0.00971   0.00507   0.04368        53       640    0.3747    0.3496    0.3087    0.1613   0.09556    0.0207   0.01338
   235/299     13.4G   0.03156  0.009745  0.005046   0.04635        43       640    0.3735    0.3359    0.2996    0.1518   0.09613   0.02054   0.01344
   236/299     13.4G    0.0361  0.009732   0.00507    0.0509        72       640    0.4358    0.3209    0.3043    0.1543   0.09636   0.02042   0.01381
   237/299     13.4G   0.04088  0.009764  0.006043   0.05669        50       640    0.3966    0.3498     0.305    0.1557   0.09656   0.02081   0.01371
   238/299     13.4G   0.03217   0.01036  0.004685   0.04721        51       640    0.5126    0.2999    0.3046    0.1588   0.09633     0.021   0.01416
   239/299     13.4G   0.03238  0.009394  0.004781   0.04655        44       640    0.4037    0.3731    0.3137    0.1606   0.09634   0.02049   0.01439
   240/299     13.4G   0.03124   0.00935  0.005067   0.04566        56       640    0.5479    0.3039    0.3259    0.1534   0.09643   0.02037   0.01447
   241/299     13.4G   0.02986  0.009967  0.004331   0.04416        72       640    0.5289    0.3084     0.312    0.1514   0.09672   0.02024   0.01414
   242/299     13.4G   0.03278  0.009994  0.004757   0.04753        51       640    0.4972      0.29    0.3009    0.1406   0.09684   0.02042   0.01378
   243/299     13.4G   0.03324  0.009556  0.005334   0.04813        62       640    0.5411    0.3084    0.2999    0.1463   0.09683   0.02095   0.01351
   244/299     13.4G   0.03051   0.01004  0.005113   0.04566        37       640    0.4167    0.3591    0.3217    0.1602   0.09585   0.02048   0.01357
   245/299     13.4G   0.02903  0.009864  0.004543   0.04344        52       640     0.495    0.3383    0.3289    0.1672    0.0952   0.02082   0.01398
   246/299     13.4G   0.03691  0.009808  0.005171   0.05188        44       640    0.5385    0.3131    0.3343     0.162   0.09635   0.02052    0.0139
   247/299     13.4G   0.02873  0.009757  0.004283   0.04277        52       640    0.5307    0.3407    0.3337    0.1632   0.09659   0.02062   0.01384
   248/299     13.4G   0.02966  0.009293  0.004707   0.04366        54       640    0.6019    0.3173    0.3476    0.1642   0.09587   0.02034   0.01358
   249/299     13.4G   0.03243  0.009747  0.004339   0.04652        71       640    0.5964    0.3175    0.3464    0.1625   0.09555   0.02019   0.01383
   250/299     13.4G   0.03063  0.009613   0.00429   0.04453        51       640    0.5052    0.3406    0.3363    0.1656   0.09517   0.02035   0.01392
   251/299     13.4G   0.03447  0.009335  0.004834   0.04864        60       640      0.53    0.3221    0.3405    0.1613   0.09522   0.02044   0.01383
   252/299     13.4G   0.03658  0.009155  0.004781   0.05052        53       640    0.5123    0.3349    0.3381     0.158   0.09527   0.02059   0.01342
   253/299     13.4G   0.02889  0.009515  0.004217   0.04262        48       640    0.4509    0.3589    0.3426     0.163   0.09508   0.02044   0.01402
   254/299     13.4G   0.03318   0.01024   0.00468    0.0481        55       640    0.4981    0.3082    0.3273    0.1567   0.09512   0.02071   0.01402
   255/299     13.4G   0.03406   0.00964  0.004201    0.0479        46       640    0.4051    0.3358    0.3266    0.1589   0.09544   0.02034   0.01384
   256/299     13.4G   0.03861   0.00936  0.005033     0.053        59       640    0.7172    0.2852    0.3425    0.1635   0.09563   0.02028   0.01334
   257/299     13.4G   0.02859  0.009122  0.003935   0.04165        71       640    0.6239    0.2898    0.3449    0.1583   0.09554   0.02062   0.01335
   258/299     13.4G   0.02962  0.009361  0.003983   0.04296        56       640    0.4859    0.3498    0.3527    0.1624   0.09492   0.02059   0.01354
   259/299     13.4G   0.03136  0.009431  0.004154   0.04494        66       640      0.48     0.336    0.3232    0.1583    0.0959    0.0208    0.0133
   260/299     13.4G   0.03244  0.009515  0.004319   0.04628        43       640    0.5349    0.3452    0.3352     0.167   0.09518   0.02079   0.01292
   261/299     13.4G   0.03346  0.009581  0.004421   0.04746        54       640    0.4913     0.382    0.3432    0.1672   0.09536   0.02056   0.01282
   262/299     13.4G   0.03752  0.009734  0.005038    0.0523        65       640    0.4088    0.3589    0.3229    0.1622   0.09627   0.02056   0.01308
   263/299     13.4G   0.03022  0.008884  0.004079   0.04319        41       640    0.3748    0.3579     0.317    0.1644   0.09565    0.0207   0.01366
   264/299     13.4G   0.03128  0.009811  0.003944   0.04503        43       640    0.3998    0.3635     0.333     0.168   0.09561   0.02072   0.01364
   265/299     13.4G    0.0397   0.00948  0.005547   0.05472        52       640    0.5646    0.2986    0.3271    0.1669   0.09565   0.02061   0.01334
   266/299     13.4G   0.03347   0.00902  0.004517   0.04701        51       640    0.4628    0.3131    0.3405    0.1715   0.09531   0.02037   0.01331
   267/299     13.4G   0.03336  0.009626  0.004326   0.04731        35       640     0.579    0.3353    0.3631    0.1786   0.09487   0.02015   0.01319
   268/299     13.4G   0.03575  0.009325  0.004493   0.04956        51       640    0.5454    0.3635    0.3557    0.1746   0.09492   0.02009   0.01336
   269/299     13.4G    0.0315  0.009377  0.003863   0.04474        57       640    0.5946    0.3222    0.3449    0.1683   0.09501   0.02021   0.01327
   270/299     13.4G   0.03356  0.009358  0.004286    0.0472        66       640    0.5418    0.3498     0.357    0.1698   0.09532   0.02001   0.01366
   271/299     13.4G   0.03155  0.009558  0.004622   0.04573        48       640    0.5113    0.3038    0.3227    0.1548   0.09582   0.02001    0.0136
   272/299     13.4G   0.02732  0.009719  0.003811   0.04085        39       640     0.565    0.3221    0.3292    0.1573   0.09548    0.0203   0.01381
   273/299     13.4G    0.0349  0.009416  0.004769   0.04909        49       640    0.4308    0.3664    0.3247    0.1545   0.09561   0.02027   0.01352
   274/299     13.4G   0.02867  0.009173   0.00412   0.04196        49       640    0.4379    0.3674    0.3419    0.1593   0.09538   0.02069   0.01359
   275/299     13.4G   0.03113  0.009076  0.004405   0.04461        49       640    0.5893    0.2898    0.3452    0.1672   0.09513   0.02063   0.01347
   276/299     13.4G   0.03144  0.009258  0.003736   0.04443        59       640     0.581     0.322    0.3648      0.17   0.09544   0.02012   0.01339
   277/299     13.4G   0.03457  0.009049  0.004382     0.048        87       640    0.4295     0.368    0.3301     0.164   0.09534    0.0202   0.01361
   278/299     13.4G   0.03403   0.00895  0.004149   0.04713        50       640    0.4183    0.3587    0.3279    0.1625   0.09493   0.02082   0.01442
   279/299     13.4G   0.02804   0.00954  0.003876   0.04146        53       640      0.51    0.3314    0.3414    0.1684   0.09464   0.02067   0.01497
   280/299     13.4G   0.03319  0.008996  0.003707   0.04589        49       640    0.5617    0.3035    0.3447    0.1695    0.0947   0.02045   0.01405
   281/299     13.4G   0.03001  0.009306   0.00374   0.04305        69       640     0.547    0.3175    0.3363    0.1689   0.09543   0.02079   0.01348
   282/299     13.4G   0.02862  0.009214  0.003689   0.04152        66       640     0.524    0.3627    0.3589    0.1685   0.09578   0.02059   0.01337
   283/299     13.4G   0.03134  0.008955  0.004677   0.04497        56       640    0.4117    0.3958    0.3467    0.1669   0.09551   0.02018   0.01368
   284/299     13.4G   0.03147  0.009459  0.003546   0.04447        52       640    0.4894    0.3446    0.3494    0.1705   0.09526   0.01993   0.01399
   285/299     13.4G   0.03063  0.009569  0.003559   0.04376        54       640    0.4968    0.3542    0.3521    0.1751   0.09491   0.01994   0.01406
   286/299     13.4G   0.03492  0.009536  0.004485   0.04895        55       640    0.5583    0.3174    0.3508    0.1641   0.09481      0.02   0.01407
   287/299     13.4G   0.03067   0.01003  0.003271   0.04397        52       640    0.5553    0.3031    0.3442     0.166   0.09446   0.02007   0.01393
   288/299     13.4G   0.03093  0.009798  0.003889   0.04462        59       640    0.5393    0.3175    0.3526    0.1757   0.09395   0.02033   0.01401
   289/299     13.4G   0.02779  0.008972    0.0039   0.04067        72       640    0.4713    0.3821    0.3583    0.1822   0.09419   0.02055   0.01427
   290/299     13.4G    0.0351  0.008507  0.003658   0.04726        36       640    0.5346    0.3495    0.3621    0.1841   0.09454    0.0203   0.01345
   291/299     13.4G   0.03568  0.008785  0.003986   0.04846        35       640    0.4998    0.3359    0.3613    0.1786   0.09433   0.02013   0.01349
   292/299     13.4G   0.02814  0.009819  0.003151   0.04111        44       640    0.4556    0.3081    0.3294    0.1643   0.09495   0.02015   0.01344
   293/299     13.4G   0.03073  0.009579   0.00375   0.04406        80       640    0.5176    0.2928    0.3254    0.1646   0.09535   0.02009    0.0135
   294/299     13.4G   0.02834  0.008801   0.00352   0.04066        58       640    0.4837    0.3387    0.3405    0.1682   0.09498   0.02015   0.01327
   295/299     13.4G   0.02716  0.008833  0.003561   0.03956        57       640    0.5785    0.3267    0.3515    0.1703   0.09512   0.02051   0.01333
   296/299     13.4G   0.02717  0.009079  0.003283   0.03953        64       640    0.6252    0.3267    0.3596    0.1717   0.09481   0.02018   0.01337
   297/299     13.4G   0.03083  0.009126  0.004262   0.04421        48       640    0.4886    0.3855     0.364    0.1772   0.09489      0.02   0.01343
   298/299     13.4G   0.03667   0.00907  0.004408   0.05015        55       640    0.6756    0.3451    0.3767    0.1839   0.09463   0.02034   0.01315
   299/299     13.4G     0.028  0.009242  0.003136   0.04037        51       640    0.5873    0.3299    0.3579    0.1771   0.09468   0.02047   0.01417
