     0/299     4.48G    0.0846   0.01759    0.0171    0.1193       169       640   0.00156   0.08741 0.0002847 6.197e-05    0.1214   0.02299   0.01915
     1/299     25.7G   0.08031   0.01569   0.01654    0.1125       133       640  0.002836    0.1519 0.0008908  0.000158    0.1195   0.02179   0.01863
     2/299     27.2G   0.07942   0.01375   0.01618    0.1093        91       640  0.003658     0.101  0.001477 0.0002789    0.1172   0.02133   0.01816
     3/299     27.2G   0.07704   0.01317   0.01554    0.1058       138       640  0.006161    0.1194  0.002784  0.000569    0.1137   0.02183   0.01771
     4/299     27.2G   0.07494   0.01294   0.01518    0.1031       139       640   0.01207   0.02294    0.0042  0.000861    0.1108   0.02232   0.01728
     5/299     27.2G   0.07359   0.01268   0.01488    0.1012       126       640   0.01177    0.1286  0.006754  0.001383     0.108   0.02291   0.01679
     6/299     27.2G   0.07142   0.01264    0.0142   0.09826       143       640   0.01522    0.1193  0.008475  0.001985    0.1051   0.02366   0.01643
     7/299     27.2G   0.06922   0.01257   0.01412   0.09591       107       640   0.02099    0.1376   0.01186  0.002611    0.1026   0.02433   0.01603
     8/299     27.2G   0.06706   0.01287   0.01355   0.09348       127       640     0.028    0.1746   0.01712  0.004452    0.1006   0.02479   0.01563
     9/299     27.2G   0.06621   0.01288   0.01321    0.0923       103       640   0.03626    0.1927   0.02377  0.005891   0.09856   0.02529   0.01533
    10/299     27.2G   0.06331   0.01397   0.01282   0.09009       150       640   0.05286    0.1743   0.03517   0.01055    0.0958   0.02598   0.01513
    11/299     27.2G   0.06182   0.01351   0.01312   0.08844       132       640   0.07629    0.2294   0.05256   0.01543    0.0937   0.02638   0.01496
    12/299     27.2G   0.05901   0.01347   0.01268   0.08517       129       640   0.08944    0.2936   0.07474   0.02697   0.09098   0.02693   0.01476
    13/299     27.2G   0.05712   0.01374   0.01246   0.08332       118       640    0.1444    0.3073    0.1219   0.04163   0.08856   0.02725   0.01462
    14/299     27.2G   0.05536   0.01512   0.01271   0.08319       124       640    0.1784    0.2982    0.1567   0.06303   0.08616   0.02756   0.01452
    15/299     27.2G   0.05249   0.01454   0.01275   0.07977       119       640    0.1965    0.3211    0.1988   0.08744   0.08397   0.02761   0.01432
    16/299     27.2G   0.05161    0.0148   0.01253   0.07894       157       640    0.2234    0.3211    0.2407    0.1123   0.08292   0.02703   0.01414
    17/299     27.2G   0.04976   0.01393   0.01195   0.07564       117       640    0.3081    0.4038    0.2896    0.1422   0.08036   0.02703   0.01404
    18/299     27.2G   0.04989   0.01404   0.01243   0.07637       147       640    0.5143      0.39     0.318    0.1573   0.07918   0.02656   0.01403
    19/299     27.2G   0.04793   0.01333   0.01203   0.07328       121       640    0.3576    0.4568    0.3346    0.1765   0.07862   0.02566   0.01383
    20/299     27.2G   0.04647    0.0124    0.0131   0.07197       129       640     0.379    0.4683    0.3583    0.1876   0.07815   0.02482   0.01379
    21/299     27.2G   0.04657   0.01182   0.01246   0.07085       127       640    0.5874    0.4407     0.375    0.1938   0.07741   0.02413   0.01392
    22/299     27.2G   0.04653   0.01154   0.01193      0.07       139       640    0.6258    0.4496    0.4048     0.231   0.07573   0.02345   0.01387
    23/299     27.2G   0.04474    0.0103   0.01264   0.06768       104       640    0.4664    0.4637     0.404    0.2109    0.0743   0.02316   0.01384
    24/299     27.2G   0.04475   0.01005   0.01248   0.06728       120       640     0.422    0.4543    0.4034    0.1996   0.07418   0.02289   0.01383
    25/299     27.2G   0.04379   0.01045   0.01298   0.06722       141       640     0.422    0.4637    0.4282    0.2332   0.07365   0.02266    0.0139
    26/299     27.2G   0.04572   0.01032   0.01341   0.06945       116       640    0.3063    0.5975    0.4453    0.2559   0.07293   0.02258   0.01407
    27/299     27.2G   0.04439  0.009946   0.01276   0.06709       119       640    0.3413    0.5701    0.4529    0.2463   0.07101   0.02254   0.01416
    28/299     27.2G   0.04384  0.009571   0.01234   0.06575        93       640    0.3377    0.5747    0.4626    0.2816   0.07129   0.02227   0.01422
    29/299     27.2G   0.04358  0.009807   0.01313   0.06651       116       640    0.3456    0.5099    0.4532    0.2314   0.07174   0.02199   0.01428
    30/299     27.2G   0.04365  0.009482   0.01268   0.06582       102       640    0.3491    0.5285    0.4353    0.2112   0.07407   0.02205   0.01444
    31/299     27.2G   0.04537  0.009776   0.01254   0.06769       154       640    0.4444    0.5129    0.4861    0.2793   0.07234   0.02198   0.01483
    32/299     27.2G   0.04259   0.00938   0.01266   0.06462       126       640    0.4745    0.4922    0.4491    0.2236    0.0704   0.02232   0.01504
    33/299     27.2G   0.04237  0.009009   0.01202    0.0634       146       640    0.4942    0.4962    0.4829    0.2788   0.06928   0.02221   0.01529
    34/299     27.2G   0.04302  0.009367   0.01199   0.06438       107       640    0.5187    0.4962    0.4877    0.2602   0.07044   0.02193   0.01565
    35/299     27.2G   0.04175  0.009269   0.01151   0.06253       122       640    0.3611    0.5377    0.4468    0.2342   0.07092   0.02201   0.01625
    36/299     27.2G   0.04187  0.008951   0.01174   0.06256       118       640    0.4063     0.584    0.4908    0.2644   0.06879   0.02189   0.01693
    37/299     27.2G   0.04174  0.008745   0.01154   0.06203       129       640    0.4209     0.584    0.4975    0.2424   0.06759   0.02205   0.01684
    38/299     27.2G   0.03991   0.00999   0.01127   0.06117       108       640    0.3427    0.5723    0.4792     0.253   0.06806   0.02198   0.01708
    39/299     27.2G   0.04033  0.008768   0.01117   0.06027       111       640    0.4074    0.5504    0.4821    0.2689   0.06468   0.02233   0.01702
    40/299     27.2G   0.03968  0.009132   0.01101   0.05982       141       640    0.4057    0.5744    0.5047    0.2921   0.06353   0.02258   0.01663
    41/299     27.2G   0.03916  0.008872   0.01062   0.05865        99       640     0.377    0.5747    0.4889    0.2819   0.06338    0.0225   0.01735
    42/299     27.2G   0.03948  0.009158    0.0106   0.05924       145       640    0.3985    0.5655     0.497     0.256   0.06341   0.02243   0.01739
    43/299     27.2G   0.03849  0.008685   0.01021   0.05739       124       640     0.404    0.5747    0.5078    0.2803   0.06152   0.02241   0.01749
    44/299     27.2G   0.03911  0.009312   0.01024   0.05866       121       640    0.4146    0.5884    0.5205     0.301   0.06378    0.0219   0.01722
    45/299     27.2G   0.03971  0.008712  0.009863   0.05828       112       640    0.4077    0.5758    0.5048    0.3138   0.06263   0.02197   0.01714
    46/299     27.2G   0.03775  0.009539  0.009699   0.05699       129       640    0.3751    0.5715    0.4826    0.2726   0.06414   0.02142   0.01734
    47/299     27.2G    0.0364  0.009054   0.01013   0.05558       128       640     0.428    0.5508    0.5004    0.2974   0.06426   0.02106   0.01721
    48/299     27.2G   0.03847  0.008349  0.009839   0.05666       122       640    0.3855    0.5977    0.4899     0.305   0.06352   0.02072   0.01758
    49/299     27.2G   0.03663   0.00852  0.009356    0.0545       113       640    0.4186      0.57    0.4915    0.2873   0.06163   0.02104    0.0179
    50/299     27.2G   0.03693   0.00871   0.00912   0.05476       146       640    0.4076    0.5809    0.4956    0.2942   0.06212   0.02117    0.0182
    51/299     27.2G    0.0375  0.008697  0.008819   0.05502       156       640    0.3686    0.6393    0.4947    0.3131   0.06071   0.02113   0.01768
    52/299     27.2G   0.03688  0.008688  0.009329    0.0549       138       640    0.4338    0.5098    0.4943    0.2698   0.06208   0.02085   0.01778
    53/299     27.2G   0.03561  0.009003  0.008928   0.05354       142       640    0.4149    0.5491    0.4999    0.3214   0.06305   0.02023   0.01728
    54/299     27.2G   0.03434   0.00867  0.009154   0.05216       132       640    0.4175    0.5884    0.5005     0.302   0.06296   0.02041   0.01706
    55/299     27.2G   0.03656  0.008488   0.00889   0.05394       154       640    0.1928    0.5793    0.2839   0.08047   0.07669    0.0189   0.01707
    56/299     27.2G   0.04766  0.007555  0.009177   0.06439       148       640    0.2479    0.5145    0.3016    0.1411   0.07582   0.01943   0.01646
    57/299     27.2G   0.04524  0.008192  0.008836   0.06227       143       640    0.3716    0.4777    0.3844     0.181   0.07362   0.02031   0.01567
    58/299     27.2G   0.04086  0.008609  0.009377   0.05885       121       640     0.469    0.4731    0.4633    0.2305   0.07084   0.02044    0.0153
    59/299     27.2G   0.04065  0.008517  0.008225   0.05739       124       640    0.2819    0.5887    0.4002    0.1974   0.07051   0.02002   0.01573
    60/299     27.2G   0.03872  0.008394  0.008194   0.05531       131       640    0.2389    0.6625    0.4125    0.2097   0.06898   0.02005   0.01588
    61/299     27.2G   0.03877  0.008742  0.008025   0.05553       114       640    0.4162    0.5191    0.4975    0.2562   0.07014   0.01978   0.01606
    62/299     27.2G   0.03594  0.008085  0.007907   0.05193       113       640    0.4255    0.5745    0.5223    0.2986   0.06702   0.02001   0.01498
    63/299     27.2G   0.03696  0.008597  0.007303   0.05285       174       640     0.376    0.6253    0.4989    0.3096   0.06425   0.02069   0.01518
    64/299     27.2G   0.03554  0.007658  0.007177   0.05037       124       640    0.3687    0.6532     0.513     0.351   0.06315   0.02056   0.01526
    65/299     27.2G   0.03423  0.008275   0.00685   0.04935       135       640    0.3846    0.6532    0.5308    0.3316   0.06288   0.02051   0.01547
    66/299     27.2G   0.03683  0.008068  0.007308   0.05221       122       640    0.4273    0.6439    0.5472    0.3588   0.06621   0.01968   0.01471
    67/299     27.2G   0.03687  0.007932  0.007024   0.05182       131       640    0.4081     0.667    0.5361    0.3532   0.06622    0.0198   0.01505
    68/299     27.2G   0.03383  0.008317  0.006253    0.0484       142       640    0.4173    0.5745     0.518    0.2876   0.06689   0.01962   0.01587
    69/299     27.2G   0.03624  0.008045  0.006414    0.0507       117       640    0.7017    0.5238    0.5616     0.322   0.06701   0.01927   0.01615
    70/299     27.2G   0.03434  0.007728  0.006261   0.04833       118       640    0.7258    0.5284    0.5849    0.3523   0.06813   0.01894   0.01532
    71/299     27.2G   0.03503  0.007124   0.00564   0.04779       156       640    0.7141    0.5284    0.5831    0.3491   0.06624   0.01934   0.01483
    72/299     27.2G   0.03335  0.007914  0.005611   0.04688       135       640    0.6087    0.5608    0.5834    0.3528   0.06631   0.01913   0.01427
    73/299     27.2G   0.03425  0.007397  0.005832   0.04748       134       640    0.6028    0.6301    0.6232    0.3853   0.06368   0.01977   0.01434
    74/299     27.2G   0.03379  0.007841  0.005767    0.0474       146       640    0.6894     0.627    0.6598    0.4184   0.06227   0.02011   0.01409
    75/299     27.2G   0.03379  0.008093  0.005572   0.04746       135       640    0.6121    0.6698    0.6561    0.4179   0.06313   0.01999   0.01455
    76/299     27.2G   0.03313  0.007824  0.005681   0.04664       160       640    0.5545    0.6579    0.6462    0.4184   0.06232   0.01969   0.01384
    77/299     27.2G   0.03464  0.007219  0.005177   0.04704       114       640    0.6649    0.6557     0.661    0.4229   0.06182    0.0198   0.01348
    78/299     27.2G   0.03282   0.00756  0.005064   0.04545       140       640    0.7788    0.6486    0.7021    0.4629   0.06263   0.01947   0.01295
    79/299     27.2G   0.03177  0.007545  0.004723   0.04404       116       640    0.6778    0.7223    0.7214    0.4382   0.06465   0.01906   0.01289
    80/299     27.2G   0.03124  0.007357   0.00475   0.04335       130       640    0.6327    0.7088    0.7036    0.4284   0.06145   0.01944   0.01282
    81/299     27.2G   0.03212  0.007003  0.004042   0.04316       114       640    0.6021    0.7358     0.698    0.4261   0.06322   0.01958    0.0127
    82/299     27.2G   0.03011  0.007393  0.003955   0.04146       141       640    0.6771    0.7424    0.7226    0.4442   0.06088   0.02004   0.01258
    83/299     27.2G   0.03131  0.007549  0.004233   0.04309       137       640    0.7291    0.7088    0.7276    0.4598   0.06013   0.01995   0.01348
    84/299     27.2G   0.03095  0.006917  0.003715   0.04158       142       640     0.773    0.6884    0.7244     0.465    0.0599   0.01972   0.01305
    85/299     27.2G   0.03149  0.006802  0.004108    0.0424       141       640    0.7623     0.755    0.7514    0.4443   0.06228   0.01958   0.01235
    86/299     27.2G   0.03381  0.006801  0.003976   0.04459       128       640    0.7496     0.718    0.7354    0.4743   0.06059   0.01987    0.0118
    87/299     27.2G   0.03136  0.006312  0.004553   0.04223       116       640     0.767    0.6894    0.7441    0.4599   0.06217   0.01968   0.01143
    88/299     27.2G   0.03498  0.006732  0.003514   0.04523       128       640    0.7258     0.703      0.74    0.4764   0.06406   0.01917   0.01059
    89/299     27.2G   0.03409  0.006281  0.004723   0.04509       112       640     0.788    0.6569    0.7287    0.4533   0.06766   0.01872   0.01025
    90/299     27.2G   0.03422   0.00711  0.004676   0.04601       144       640    0.8185    0.6534    0.7383    0.4697   0.06837   0.01826  0.009931
    91/299     27.2G   0.03243  0.006505  0.004657   0.04359        92       640    0.6654    0.7596    0.7284    0.4853   0.07057   0.01755  0.009385
    92/299     27.2G   0.03341  0.006317  0.003992   0.04372       137       640    0.7993    0.7088    0.7649    0.4935   0.07182   0.01687  0.009065
    93/299     27.2G   0.03098  0.006783  0.003248   0.04101       139       640    0.8166    0.7181    0.7703    0.4919   0.07414   0.01653  0.008819
    94/299     27.2G   0.03675  0.006935  0.003876   0.04756       151       640    0.7388    0.6955    0.7267    0.4688   0.07263   0.01718  0.009187
    95/299     27.2G   0.03672  0.006704  0.003697   0.04712       121       640    0.8061    0.6482    0.7232    0.4383   0.07226   0.01756   0.01052
    96/299     27.2G   0.03613  0.006679  0.002994   0.04581       105       640    0.7724    0.6519    0.6935     0.444   0.07135   0.01795   0.01177
    97/299     27.2G   0.03555  0.006304  0.003284   0.04513       127       640    0.8974    0.6165     0.701     0.425   0.07122   0.01825     0.012
    98/299     27.2G   0.03615  0.006557  0.004446   0.04715       128       640    0.7334    0.7136    0.7353    0.4521   0.07021   0.01814   0.01129
    99/299     27.2G    0.0344  0.006741  0.005988   0.04713       148       640    0.8282    0.6904    0.7595    0.4503   0.07045   0.01867   0.01106
   100/299     27.2G   0.03674  0.006363  0.003881   0.04699       166       640    0.8712    0.6395    0.7329     0.431   0.07297   0.01858   0.01068
   101/299     27.2G   0.03619  0.007176  0.005351   0.04871       145       640    0.8533    0.6535    0.7339    0.4321   0.07099    0.0191   0.01205
   102/299     27.2G    0.0362  0.006831  0.005614   0.04865       148       640     0.686    0.6905    0.6927    0.4302   0.07106    0.0189   0.01224
   103/299     27.2G   0.03598  0.007156  0.006061    0.0492       116       640    0.6772    0.7028    0.6794    0.3901   0.07029   0.01951   0.01116
   104/299     27.2G   0.03503  0.007426   0.00473   0.04718        96       640    0.8284    0.6487    0.7161    0.4218   0.06892   0.01964   0.01054
   105/299     27.2G   0.03315  0.006999  0.003629   0.04378       150       640    0.7549     0.686    0.7002    0.4335   0.06873   0.01955    0.0109
   106/299     27.2G   0.03581  0.006785  0.003559   0.04615        95       640      0.76    0.6628    0.6838    0.4333   0.06642    0.0204   0.01022
   107/299     27.2G   0.03404   0.00666  0.002874   0.04358       112       640    0.6712     0.718      0.69    0.4174   0.06558   0.02066   0.01055
   108/299     27.2G   0.03164  0.006608  0.002778   0.04103       115       640    0.6768    0.6298    0.6655    0.4235   0.06452   0.02062   0.01098
   109/299     27.2G   0.03356  0.006776   0.00355   0.04388       118       640    0.6909    0.6601    0.6955    0.4053   0.06642    0.0206   0.01007
   110/299     27.2G   0.03116  0.006422   0.00284   0.04042       149       640    0.7068    0.6875    0.7001    0.4297   0.06667   0.02011  0.009183
   111/299     27.2G   0.03075  0.006595  0.004271   0.04161       137       640    0.7457    0.6904    0.7207    0.4518   0.06645   0.02043  0.009981
   112/299     27.2G   0.03303  0.006961  0.003883   0.04388       145       640    0.7715    0.6583    0.7055    0.4452    0.0684    0.0202   0.01209
   113/299     27.2G   0.03184  0.006281  0.003691   0.04181       155       640    0.7996    0.6306    0.7017    0.4402   0.06869   0.02053   0.01242
   114/299     27.2G   0.02977  0.007124  0.003925   0.04082       151       640    0.8452    0.6438    0.7194    0.4704   0.06639   0.02057   0.01141
   115/299     27.2G   0.03367  0.006142  0.003708   0.04352       137       640     0.801    0.7469    0.7537    0.4796   0.06636   0.02044   0.01063
   116/299     27.2G   0.02857  0.006361  0.003072     0.038       132       640    0.8978    0.7076    0.7784     0.485   0.06785   0.01953   0.01028
   117/299     27.2G    0.0305  0.006534  0.002421   0.03945       138       640    0.8206    0.6628    0.7489    0.4699   0.06792   0.01993    0.0107
   118/299     27.2G   0.03189  0.006401  0.002734   0.04102       118       640    0.7485    0.7135    0.7553    0.4794   0.06822   0.01971   0.01024
   119/299     27.2G   0.02913  0.006379     0.002   0.03751       144       640    0.8878     0.672    0.7624    0.4911   0.06943    0.0194  0.009818
   120/299     27.2G   0.03045  0.006411  0.002115   0.03898       169       640    0.7445    0.6946    0.7356    0.4637   0.06806   0.01988  0.009516
   121/299     27.2G   0.03255  0.006396  0.002087   0.04103       124       640    0.7581    0.6785    0.7197    0.4512   0.06811    0.0203  0.009416
   122/299     27.2G   0.03123  0.006497  0.002533   0.04026       125       640    0.7833    0.6074    0.6518    0.4226   0.06696   0.02138  0.009357
   123/299     27.2G   0.03302  0.006146   0.00312   0.04229       149       640    0.7418    0.6396    0.6173    0.3992   0.06718   0.02197  0.009781
   124/299     27.2G   0.03152  0.006346  0.002403   0.04027       145       640    0.7216    0.6767    0.6574    0.4088   0.06832   0.02129  0.009199
   125/299     27.2G   0.03013  0.005984  0.002525   0.03864       151       640    0.7337    0.6956    0.6991    0.4193   0.06776   0.02098  0.008864
   126/299     27.2G   0.03038  0.006044  0.002367   0.03879       120       640    0.8683    0.6675    0.7265    0.4266   0.06465   0.02144  0.009086
   127/299     27.2G   0.03131  0.006336  0.002853    0.0405       113       640    0.8268    0.6905    0.7319     0.432    0.0642   0.02201  0.009953
   128/299     27.2G   0.03249  0.005682  0.002752   0.04092       103       640    0.8254    0.7091    0.7533    0.4481   0.06415   0.02142  0.009814
   129/299     27.2G   0.03029   0.00626  0.001869   0.03842       110       640    0.7874    0.6906    0.7337    0.4386   0.06553   0.02081  0.009756
   130/299     27.2G   0.02936  0.005942  0.002159   0.03746       126       640    0.7128    0.6538    0.6876     0.426   0.06621    0.0204   0.01062
   131/299     27.2G     0.025  0.005921  0.001779    0.0327       127       640    0.6912    0.7232    0.7079    0.4214   0.06585    0.0206   0.01065
   132/299     27.2G   0.02869  0.006291  0.001658   0.03664       147       640    0.6815    0.7323     0.684      0.43   0.06481    0.0206   0.01074
   133/299     27.2G   0.02904  0.005844  0.001655   0.03654        94       640    0.6951    0.7785     0.723    0.4437   0.06376   0.02089   0.01044
   134/299     27.2G   0.02894  0.005641  0.001713    0.0363       143       640    0.7061    0.7621    0.7296    0.4695   0.06361   0.02096   0.01126
   135/299     27.2G   0.02612  0.005719  0.002652   0.03449       144       640    0.7072     0.751    0.7415    0.4693    0.0636   0.02084   0.01063
   136/299     27.2G   0.02968  0.005967  0.001844   0.03749       119       640    0.7654    0.7232    0.7519    0.4483   0.06485   0.02099  0.009823
   137/299     27.2G   0.02744  0.005707  0.001713   0.03486       129       640    0.7225    0.6537    0.6885    0.4291   0.06716   0.02072  0.009878
   138/299     27.2G   0.02866  0.006006  0.001507   0.03618       149       640    0.6901    0.6767    0.7106     0.438   0.06816   0.02007  0.009754
   139/299     27.2G     0.027   0.00553  0.001672   0.03421       105       640     0.674    0.7244    0.7282    0.4623   0.06884   0.01971  0.009166
   140/299     27.2G   0.02586  0.006028  0.001948   0.03384       126       640    0.6585    0.7409    0.7322    0.4707    0.0688   0.01946  0.008939
   141/299     27.2G   0.02954  0.006113  0.001781   0.03743       142       640    0.8765    0.6168    0.7378     0.472   0.06925   0.01929  0.008675
   142/299     27.2G   0.02615  0.005647  0.001343   0.03314       124       640    0.7905    0.6998    0.7772    0.4952   0.06843   0.01946  0.008282
   143/299     27.2G   0.02557  0.005252  0.001597   0.03242       124       640    0.7259    0.7457    0.7795    0.4958   0.06735   0.01997  0.008493
   144/299     27.2G   0.02923  0.005528  0.001736   0.03649       170       640    0.7436    0.7276    0.7597    0.5018   0.06642   0.02001  0.008738
   145/299     27.2G   0.02532  0.005545  0.001049   0.03191       113       640    0.7546    0.7369     0.777    0.4876   0.06577   0.02032    0.0087
   146/299     27.2G   0.02445  0.005407  0.001103   0.03096       122       640    0.7238    0.7413    0.7589    0.4967   0.06516   0.02048   0.00874
   147/299     27.2G   0.02511  0.005422  0.001477   0.03201       120       640    0.8004    0.6859    0.7564    0.4955   0.06535   0.02066  0.008494
   148/299     27.2G   0.02636  0.005413  0.001229     0.033       134       640    0.7755    0.7413    0.7852    0.5119   0.06221   0.02134   0.00827
   149/299     27.2G   0.02519  0.005104  0.001318   0.03161       120       640    0.7286    0.8012    0.7948    0.4998   0.06144   0.02167  0.008195
   150/299     27.2G   0.02577  0.005505  0.001321    0.0326       123       640    0.7608     0.715    0.7311    0.4837   0.06168   0.02169  0.008415
   151/299     27.2G    0.0248  0.005438  0.001042   0.03128       142       640    0.8069    0.6903    0.7301    0.4925   0.06152   0.02172  0.008536
   152/299     27.2G   0.02504  0.005295  0.001505   0.03184       115       640     0.845     0.701    0.7881    0.4983   0.06212   0.02137  0.008654
   153/299     27.2G   0.02452  0.005227  0.001033   0.03078       127       640    0.7582    0.7597     0.784    0.4943   0.06404   0.02082  0.008745
   154/299     27.2G   0.02253  0.005223  0.001118   0.02887       124       640    0.7734    0.7544     0.774     0.494   0.06506    0.0205  0.009054
   155/299     27.2G   0.02814  0.005173 0.0008663   0.03418       120       640    0.8903    0.6583    0.7758    0.4874   0.06454   0.02077  0.009151
   156/299     27.2G   0.02728  0.005138  0.001111   0.03353       115       640    0.8815    0.6584     0.771    0.4821   0.06376    0.0209  0.009198
   157/299     27.2G   0.02845  0.005186  0.002046   0.03568       137       640    0.7185    0.7946    0.7863    0.4994   0.06422   0.02094  0.009655
   158/299     27.2G   0.02569  0.005182  0.001671   0.03254       153       640    0.7467    0.7551    0.7697    0.4761   0.06406   0.02128   0.01021
   159/299     27.2G   0.02525  0.005144  0.001061   0.03145       107       640    0.7672    0.7367    0.7843    0.5009   0.06431   0.02131    0.0101
   160/299     27.2G   0.02569  0.005092  0.001286   0.03207       140       640    0.8498    0.6599    0.7591     0.484   0.06425   0.02154  0.009867
   161/299     27.2G   0.02337  0.004895  0.001204   0.02947       104       640     0.759    0.7335     0.748    0.4698   0.06365   0.02182  0.009385
   162/299     27.2G   0.02379  0.005304  0.001121   0.03022       107       640    0.8049    0.7273    0.7596    0.4926   0.06257   0.02179  0.008833
   163/299     27.2G   0.02373  0.005047  0.001584   0.03036       123       640    0.7872    0.7597    0.7903    0.5006   0.06191   0.02189   0.00858
   164/299     27.2G   0.02281  0.004974 0.0009537   0.02874       108       640    0.8333    0.7354    0.8026    0.5095   0.06135   0.02192  0.008325
   165/299     27.2G   0.02198  0.004914  0.001199    0.0281       138       640    0.8309    0.7459     0.803    0.5147   0.06087   0.02206  0.008096
   166/299     27.2G   0.01925  0.005148  0.001772   0.02617       118       640    0.8128    0.7272    0.7792    0.4991   0.06003   0.02231  0.007825
   167/299     27.2G   0.02188  0.004927  0.001128   0.02793       133       640      0.78    0.7366    0.7953    0.4871   0.05989   0.02243  0.008198
   168/299     27.2G   0.02115  0.005111  0.001342    0.0276       124       640    0.7867    0.7404    0.7881    0.4974   0.05969   0.02247  0.008357
   169/299     27.2G   0.02241  0.005158 0.0009476   0.02851        88       640    0.8128    0.7365    0.7872    0.4958   0.06013   0.02236  0.008449
   170/299     27.2G   0.02224   0.00484 0.0009995   0.02808       101       640       0.8    0.7367    0.7832    0.5028   0.06008    0.0222  0.008573
   171/299     27.2G   0.02085  0.004779 0.0007024   0.02633       136       640    0.7991    0.7044    0.7538    0.4958   0.05971   0.02225  0.008491
   172/299     27.2G   0.02747   0.00476  0.001211   0.03344        99       640    0.8095    0.7186    0.7828    0.4948   0.05888   0.02233  0.008365
   173/299     27.2G   0.02005  0.005564  0.001171   0.02678       100       640    0.8096    0.6721     0.749    0.5074   0.05812   0.02257  0.008326
   174/299     27.2G   0.02022  0.005074  0.001661   0.02696       100       640    0.8368    0.6749    0.7736    0.4968   0.05819   0.02275  0.008196
   175/299     27.2G   0.01872   0.00492  0.000655    0.0243       146       640    0.8825    0.6569    0.7742    0.5184   0.05785   0.02285  0.008099
   176/299     27.2G   0.01907  0.004783 0.0006268   0.02448       132       640    0.7964    0.7183    0.7853    0.5129   0.05839   0.02267  0.007998
   177/299     27.2G   0.02131  0.005146  0.000868   0.02732       120       640    0.8036    0.6869    0.7584    0.4979   0.05895   0.02247  0.007788
   178/299     27.2G   0.01989  0.004898 0.0008598   0.02564       123       640    0.7986    0.6808    0.7723    0.4872   0.05928   0.02228    0.0077
   179/299     27.2G   0.01695  0.004743 0.0004009    0.0221       118       640    0.6975     0.785    0.7737    0.4992   0.05911   0.02239  0.007716
   180/299     27.2G    0.0204  0.004616 0.0006144   0.02563       125       640    0.7957    0.6898    0.7735     0.506   0.05892   0.02251  0.007861
   181/299     27.2G   0.01908  0.004709 0.0005235   0.02432       129       640    0.8079    0.7183    0.7886    0.5061   0.05885   0.02255  0.007862
   182/299     27.2G   0.01986  0.004737 0.0007094   0.02531       136       640    0.8113    0.7322    0.7828    0.4894   0.05883   0.02249  0.007956
   183/299     27.2G   0.02128  0.004974 0.0005438    0.0268       130       640    0.8067    0.7183    0.7755    0.4985   0.05848   0.02267  0.007943
   184/299     27.2G   0.01998  0.004533 0.0006002   0.02511       105       640    0.8135    0.7298     0.772    0.5005   0.05786   0.02296  0.007877
   185/299     27.2G   0.01807  0.004595 0.0005403    0.0232       126       640    0.7597    0.7552    0.7716    0.5181   0.05801   0.02296  0.007834
   186/299     27.2G   0.01844  0.004758 0.0004671   0.02366       116       640    0.7688    0.7589    0.7734    0.5065   0.05786   0.02294  0.007683
   187/299     27.2G   0.02022  0.004679 0.0005682   0.02547       165       640    0.7874    0.7393    0.7687    0.5117   0.05743   0.02314  0.007606
   188/299     27.2G   0.01975  0.004665 0.0005441   0.02496       121       640     0.795    0.7227    0.7656     0.497   0.05718   0.02318  0.007528
   189/299     27.2G   0.01981  0.004512 0.0006094   0.02493        99       640    0.7733    0.7413    0.7641    0.4905    0.0575   0.02301  0.007554
   190/299     27.2G   0.02026  0.004809 0.0004791   0.02555       149       640    0.7622    0.7413    0.7636    0.5002   0.05745   0.02287  0.007658
   191/299     27.2G   0.01776  0.004587 0.0006154   0.02297       142       640     0.766    0.7135    0.7435    0.5034   0.05751   0.02288  0.007728
   192/299     27.2G   0.01714  0.004627 0.0004196   0.02219       147       640    0.8372    0.6997    0.7731    0.5102   0.05735   0.02294  0.007732
   193/299     27.2G   0.01923  0.004681 0.0005115   0.02442       130       640    0.7942    0.7459    0.7894    0.5214    0.0572   0.02294  0.007693
   194/299     27.2G    0.0154  0.004513 0.0003808   0.02029       113       640    0.7356    0.8198    0.7902    0.5219   0.05714   0.02293  0.007682
   195/299     27.2G   0.01866  0.004485 0.0004675   0.02362       127       640    0.8487    0.7123    0.7921    0.5228    0.0571   0.02296  0.007598
   196/299     27.2G   0.01666  0.004495 0.0004575   0.02161       118       640    0.8382    0.7273    0.7931    0.5213   0.05729   0.02307  0.007528
   197/299     27.2G   0.01683   0.00469 0.0006645   0.02219       163       640    0.8233    0.7413     0.794    0.5205   0.05721   0.02314  0.007541
   198/299     27.2G   0.01975  0.004831 0.0005122   0.02509       162       640     0.823    0.7432    0.7948    0.5128   0.05679   0.02332  0.007402
   199/299     27.2G   0.01867  0.004318 0.0004454   0.02343       105       640    0.8239    0.7476    0.7958    0.5126   0.05669   0.02337  0.007326
   200/299     27.2G   0.02059  0.004698 0.0005442   0.02583       179       640    0.8127    0.7559    0.7906    0.5086   0.05688   0.02335  0.007274
   201/299     27.2G   0.01842  0.004685 0.0005731   0.02368       145       640    0.7713    0.7642    0.7759    0.5207   0.05697   0.02331  0.007264
   202/299     27.2G   0.01709  0.004629 0.0005873   0.02231       120       640    0.7634    0.7782    0.7761     0.513   0.05735   0.02316  0.007245
   203/299     27.2G   0.01869  0.004362 0.0008896   0.02394       134       640    0.7631    0.7779    0.7805    0.5096   0.05738   0.02318  0.007285
   204/299     27.2G   0.01645  0.004426 0.0004642   0.02134       153       640    0.7759    0.7875    0.7906    0.4998   0.05741   0.02325  0.007407
   205/299     27.2G   0.01839  0.004504 0.0005364   0.02343       113       640    0.8089    0.7816    0.7905    0.5104   0.05737   0.02319  0.007463
   206/299     27.2G    0.0168  0.004961 0.0004472    0.0222       146       640    0.8209    0.7737    0.7906    0.5168   0.05757   0.02298  0.007487
   207/299     27.2G   0.01649  0.004417 0.0004995   0.02141       121       640    0.8089    0.7827    0.7895    0.5157   0.05745   0.02299   0.00747
   208/299     27.2G   0.01788  0.004517 0.0005135   0.02291       137       640     0.825    0.7458    0.7787    0.5186   0.05733   0.02301  0.007451
   209/299     27.2G   0.01733  0.004307 0.0005919   0.02222       152       640      0.81    0.7551     0.774    0.5085   0.05776   0.02287  0.007409
   210/299     27.2G   0.01562  0.004247 0.0004141   0.02028       136       640    0.8237      0.75     0.774    0.5124   0.05748   0.02298  0.007406
   211/299     27.2G   0.01824  0.004526 0.0003784   0.02314       143       640    0.8117    0.7504    0.7778    0.5155   0.05704   0.02315  0.007489
   212/299     27.2G   0.01701  0.004131 0.0004612    0.0216       108       640    0.8741    0.7025    0.7811    0.5166   0.05685   0.02329  0.007618
   213/299     27.2G    0.0174  0.004883 0.0005672   0.02285       156       640    0.7993     0.755    0.7835    0.5168   0.05684    0.0233  0.007715
   214/299     27.2G   0.01858   0.00423  0.000403   0.02321       131       640    0.8138    0.7641    0.7953    0.5181   0.05683    0.0232  0.007763
   215/299     27.2G   0.01792  0.004417  0.001636   0.02397       152       640    0.8269    0.7653    0.7975    0.5165   0.05686   0.02318  0.007724
   216/299     27.2G   0.01819  0.004153 0.0003614    0.0227       130       640    0.8188    0.7394    0.7701     0.514    0.0567   0.02323  0.007677
   217/299     27.2G    0.0174  0.004193 0.0004196   0.02202       125       640    0.8205    0.7549    0.7845    0.5157   0.05674   0.02327  0.007717
   218/299     27.2G   0.01806  0.004598 0.0004884   0.02315       177       640    0.8515    0.7276     0.781    0.5094   0.05653   0.02346  0.007781
   219/299     27.2G   0.01635  0.004559 0.0009707   0.02188       155       640    0.8576    0.7206     0.783    0.5226   0.05604   0.02357  0.007744
   220/299     27.2G   0.01726  0.004633 0.0005258   0.02242       131       640    0.8725    0.7044    0.7832     0.514   0.05592   0.02357   0.00783
   221/299     27.2G   0.01398  0.004273 0.0003414   0.01859       125       640    0.7503    0.7974    0.7847    0.5192   0.05589   0.02362  0.007859
   222/299     27.2G   0.01738  0.004526  0.001262   0.02316       144       640    0.7702     0.788    0.7853    0.5087   0.05593   0.02369  0.007894
   223/299     27.2G   0.01729   0.00418 0.0004888   0.02196       120       640    0.7594    0.8011    0.7899    0.5214   0.05573   0.02371  0.007811
   224/299     27.2G   0.01565  0.004342  0.000424   0.02042       165       640    0.7603    0.8244    0.7895    0.5209   0.05571   0.02362  0.007768
   225/299     27.2G   0.01683  0.004443 0.0006162   0.02189       170       640    0.7645    0.8197    0.7941    0.5281   0.05582   0.02353  0.007712
   226/299     27.2G   0.01498  0.004242 0.0004067   0.01963       133       640    0.7464    0.8455    0.7986    0.5276   0.05582   0.02356  0.007592
   227/299     27.2G    0.0159  0.004057  0.000392   0.02035        89       640    0.7692    0.8427    0.8114    0.5269   0.05584   0.02357  0.007535
   228/299     27.2G   0.01592  0.004044 0.0004917   0.02046       123       640    0.7799    0.8198    0.8109    0.5311   0.05616   0.02351  0.007618
   229/299     27.2G   0.01571  0.004098 0.0003761   0.02019       136       640    0.7709    0.8286    0.8101    0.5274   0.05655   0.02338  0.007707
   230/299     27.2G     0.015  0.004589  0.000375   0.01997       143       640    0.7598    0.8243    0.7819     0.524   0.05694    0.0232  0.007789
   231/299     27.2G   0.01557  0.004159 0.0004103   0.02013       138       640    0.7883    0.8188    0.8134    0.5288   0.05692    0.0232  0.007717
   232/299     27.2G   0.01624   0.00416 0.0004313   0.02083       118       640    0.7755    0.8232    0.7817    0.5169    0.0568   0.02324  0.007661
   233/299     27.2G    0.0169  0.004069 0.0003755   0.02135       152       640    0.7886    0.8347    0.8115     0.519   0.05698   0.02321  0.007642
   234/299     27.2G   0.01576  0.004386 0.0004473   0.02059       153       640    0.7787    0.8218    0.8031     0.514   0.05712   0.02315  0.007556
   235/299     27.2G   0.01507  0.004234 0.0002889    0.0196       129       640    0.7562    0.8091    0.7689    0.5066   0.05669   0.02326   0.00755
   236/299     27.2G   0.01676  0.004598 0.0005019   0.02186       137       640    0.7646    0.8032    0.7763    0.5089   0.05642   0.02331  0.007649
   237/299     27.2G   0.01557  0.004298 0.0004894   0.02036       152       640    0.8697    0.7535    0.8106    0.5136   0.05646   0.02332  0.007678
   238/299     27.2G   0.01499  0.004243 0.0003619    0.0196       142       640    0.8613    0.7671    0.8129    0.5186   0.05618   0.02347  0.007744
   239/299     27.2G   0.01955  0.004507   0.00135   0.02541       155       640    0.8695    0.7413    0.8069    0.5173   0.05612   0.02349  0.007701
   240/299     27.2G   0.01816  0.004335  0.001053   0.02354       110       640    0.8939    0.7248    0.8037    0.5149   0.05601   0.02356  0.007661
   241/299     27.2G   0.01567   0.00418 0.0004104   0.02026       120       640    0.8912    0.7229    0.7989    0.5148   0.05611   0.02359  0.007625
   242/299     27.2G   0.01405  0.004568  0.000513   0.01913       151       640    0.8941    0.7263    0.7971    0.5144   0.05626   0.02361  0.007562
   243/299     27.2G   0.01514  0.004279 0.0005933   0.02001       161       640    0.8635    0.7412    0.7935    0.5111   0.05657   0.02349   0.00754
   244/299     27.2G   0.01581   0.00435 0.0003873   0.02054       138       640    0.8913    0.7413    0.7845    0.5051   0.05692   0.02338  0.007527
   245/299     27.2G   0.01572  0.004394 0.0004018   0.02052       146       640    0.8952    0.7458    0.7852    0.5071   0.05683   0.02339  0.007575
   246/299     27.2G   0.01529  0.004207  0.001549   0.02104       129       640    0.8232    0.7592    0.7635    0.5004   0.05662   0.02355  0.007853
   247/299     27.2G   0.01553  0.004501  0.001367    0.0214       122       640    0.8134    0.7319    0.7598    0.4918   0.05642   0.02368  0.008081
   248/299     27.2G   0.01465  0.004517    0.0019   0.02106       161       640    0.8709     0.731     0.791    0.4932   0.05642   0.02368  0.008201
   249/299     27.2G   0.01603  0.004379 0.0007986   0.02121       110       640     0.862     0.732    0.7882    0.4906   0.05639    0.0237  0.008189
   250/299     27.2G   0.01558  0.004111 0.0009183   0.02061       141       640     0.883     0.727    0.7932    0.4941   0.05602   0.02377  0.008141
   251/299     27.2G   0.01712  0.004382  0.000558   0.02206       111       640    0.8075    0.7783    0.7936    0.4932   0.05591   0.02379  0.008151
   252/299     27.2G   0.01486  0.004223  0.000363   0.01945       123       640    0.8236    0.7783    0.7947    0.5044   0.05599    0.0237  0.008097
   253/299     27.2G   0.01558  0.004255 0.0004495   0.02029       144       640    0.8186    0.7735    0.7978    0.5111   0.05595   0.02362  0.008058
   254/299     27.2G   0.01619  0.004093 0.0005008   0.02078       123       640     0.828    0.7531     0.799    0.5101   0.05588   0.02364  0.007962
   255/299     27.2G   0.02277  0.004357  0.001544   0.02867       166       640    0.7874    0.7876    0.8002    0.5133   0.05598   0.02363  0.007899
   256/299     27.2G   0.01448  0.004271 0.0003566   0.01911       177       640    0.8668    0.7321    0.8026    0.5176   0.05591   0.02359  0.007833
   257/299     27.2G    0.0149  0.004039 0.0003676   0.01931       110       640    0.7549    0.8014    0.7708    0.5108   0.05565   0.02365  0.007796
   258/299     27.2G   0.01452  0.004196 0.0003952   0.01911       135       640    0.8532    0.7228    0.7724    0.5093   0.05549   0.02367  0.007725
   259/299     27.2G   0.01572   0.00441  0.001768   0.02189       137       640    0.8699    0.7229    0.7737    0.5144    0.0555   0.02366  0.007787
   260/299     27.2G    0.0149  0.003825 0.0004843   0.01921        93       640    0.8742    0.7367    0.8007    0.5093   0.05562   0.02363  0.007839
   261/299     27.2G   0.01447  0.004054 0.0004387   0.01897       131       640    0.8731    0.7367    0.7975    0.5143   0.05561   0.02366  0.007841
   262/299     27.2G   0.01687  0.004359  0.000605   0.02183       112       640    0.8795    0.7413     0.809    0.5228   0.05555   0.02366  0.007852
   263/299     27.2G   0.01466  0.004164 0.0002765    0.0191       102       640    0.7669    0.8494    0.8098    0.5196   0.05537   0.02363  0.007835
   264/299     27.2G    0.0137  0.004238 0.0002994   0.01824       131       640    0.8546    0.7557    0.8105     0.517   0.05528   0.02365   0.00788
   265/299     27.2G   0.01476  0.004434 0.0003736   0.01957       177       640    0.8591    0.7552    0.8109     0.517   0.05525   0.02364  0.007898
   266/299     27.2G   0.01716  0.004292 0.0004108   0.02186       123       640    0.8585    0.7552    0.8122    0.5205   0.05531   0.02364  0.007945
   267/299     27.2G   0.01491  0.004345 0.0004502   0.01971       133       640    0.8789    0.7332    0.8113    0.5179   0.05546   0.02364  0.007953
   268/299     27.2G   0.01485  0.004018 0.0004525   0.01932       111       640    0.8755    0.7322    0.8094    0.5201   0.05532   0.02372   0.00796
   269/299     27.2G    0.0182  0.004285  0.001121   0.02361       166       640    0.8745    0.7322    0.8084    0.5148   0.05541   0.02375  0.007944
   270/299     27.2G   0.01473  0.004432  0.000427   0.01959       138       640    0.8097    0.7919    0.8084    0.5156   0.05545   0.02371   0.00792
   271/299     27.2G   0.01411  0.003803 0.0004016   0.01831       144       640    0.8078    0.7875    0.8074    0.5112   0.05551   0.02368  0.007991
   272/299     27.2G   0.01386  0.003853 0.0003963   0.01811       118       640    0.7911    0.7689    0.7792    0.5137   0.05543   0.02368  0.008139
   273/299     27.2G   0.01489   0.00411 0.0003965    0.0194       114       640    0.8662    0.7347    0.7942    0.5079   0.05535   0.02369  0.008244
   274/299     27.2G   0.01701  0.004217 0.0006245   0.02185       149       640    0.7849    0.7653    0.7766    0.5096   0.05537   0.02367  0.008285
   275/299     27.2G   0.01507  0.004256 0.0004444   0.01977       124       640    0.8004    0.7788    0.8055    0.5037   0.05536   0.02372  0.008268
   276/299     27.2G   0.01585  0.004208 0.0003488    0.0204       113       640    0.8121    0.7459    0.7772    0.5055   0.05513   0.02378  0.008238
   277/299     27.2G   0.01654  0.004026 0.0003637   0.02093       128       640    0.8004    0.7598    0.7787    0.5124   0.05501   0.02383  0.008251
   278/299     27.2G   0.01403  0.004223 0.0004736   0.01873       147       640    0.8154    0.7598    0.7784    0.5119   0.05488   0.02387  0.008342
   279/299     27.2G   0.01642  0.004164  0.001097   0.02168       116       640    0.8195    0.7595    0.7739     0.512   0.05485   0.02386  0.008347
   280/299     27.2G    0.0145  0.004048 0.0004694   0.01902       138       640    0.8403    0.7551    0.7755    0.5057   0.05509   0.02377  0.008262
   281/299     27.2G   0.01744  0.003872 0.0005328   0.02184       122       640    0.8497    0.7702    0.8051     0.515    0.0551   0.02378  0.008155
   282/299     27.2G   0.01331  0.004147  0.001094   0.01855       137       640    0.8199    0.7598     0.776    0.5112     0.055   0.02383   0.00809
   283/299     27.2G   0.01567  0.004006 0.0004176   0.02009       130       640    0.8224    0.7644     0.776    0.5154   0.05502   0.02383  0.008032
   284/299     27.2G   0.01737  0.004317 0.0009114    0.0226       100       640    0.8033     0.792    0.7787    0.5186   0.05522    0.0238  0.007983
   285/299     27.2G   0.01654  0.004413  0.000658   0.02161       147       640    0.8125    0.7779    0.7687    0.5162   0.05533   0.02377  0.007937
   286/299     27.2G   0.01347  0.003963 0.0003675    0.0178       112       640    0.8289    0.7884    0.7968    0.5226    0.0553    0.0238  0.007835
   287/299     27.2G   0.01526  0.004072 0.0002328   0.01956       113       640     0.813    0.7759    0.7687    0.5189   0.05517   0.02389  0.007767
   288/299     27.2G   0.01443  0.004321 0.0002868   0.01903       178       640    0.8014    0.7736    0.7702    0.5209   0.05513   0.02388  0.007695
   289/299     27.2G   0.01454  0.004408 0.0003735   0.01932       128       640    0.8128    0.7736    0.7738    0.5162   0.05516   0.02391  0.007649
   290/299     27.2G   0.01439  0.004486 0.0003905   0.01927       124       640    0.8207    0.7886    0.7872    0.5214   0.05497   0.02391  0.007646
   291/299     27.2G   0.01378  0.004104 0.0006657   0.01855       166       640    0.7991    0.7909    0.7831    0.5162   0.05519   0.02387  0.007653
   292/299     27.2G   0.01601  0.003756 0.0002965   0.02006       155       640    0.7953    0.7919    0.7828    0.5151   0.05524    0.0239  0.007689
   293/299     27.2G   0.01376  0.003826 0.0002905   0.01788       113       640     0.795     0.792    0.7827    0.5154   0.05496   0.02396  0.007732
   294/299     27.2G   0.01421  0.004046 0.0004012   0.01866       131       640    0.7911     0.792    0.7844    0.5173   0.05477   0.02403  0.007788
   295/299     27.2G   0.01484  0.004376 0.0003554   0.01957       148       640    0.7853    0.7919    0.7851    0.5187   0.05477   0.02403  0.007814
   296/299     27.2G   0.01335  0.004155 0.0004046   0.01791       111       640    0.7839    0.7781    0.7833    0.5151   0.05482   0.02402  0.007852
   297/299     27.2G   0.01618  0.004317 0.0003695   0.02087       145       640    0.8503    0.7135    0.7721    0.5083    0.0547   0.02407  0.007853
   298/299     27.2G   0.01463  0.004061 0.0003923   0.01908       146       640    0.8514     0.709    0.7695    0.5084   0.05458   0.02414  0.007839
   299/299     27.2G   0.01591  0.004137 0.0003925   0.02044       128       640    0.7749    0.7827    0.7716     0.512   0.05444    0.0242  0.007843
