     0/299     3.46G   0.08618   0.01754   0.01725     0.121        71       640  0.001804     0.092 0.0003854 8.053e-05    0.1207   0.02277    0.0189
     1/299     12.4G    0.0835   0.01524   0.01683    0.1156        62       640  0.002682   0.08741 0.0009492  0.000169    0.1189   0.02174   0.01822
     2/299     13.4G   0.08199   0.01421   0.01623    0.1124        72       640  0.004592    0.1286  0.001965 0.0003988     0.115   0.02207   0.01763
     3/299     13.4G   0.07856   0.01355   0.01567    0.1078        91       640  0.008677    0.1055  0.003827 0.0008583    0.1117   0.02257   0.01708
     4/299     13.4G   0.07653   0.01261   0.01507    0.1042        70       640   0.01536    0.1425  0.007519  0.001796    0.1076   0.02331   0.01649
     5/299     13.4G   0.07453    0.0134   0.01456    0.1025        69       640   0.02372    0.1654   0.01215  0.002897    0.1039   0.02405   0.01604
     6/299     13.4G   0.07226     0.013   0.01405   0.09931        86       640   0.02924    0.1561   0.01692  0.004683    0.1007     0.025   0.01564
     7/299     13.4G   0.06948   0.01343   0.01376   0.09667        63       640   0.04342    0.2064   0.02961  0.007156   0.09732   0.02585    0.0154
     8/299     13.4G   0.06602   0.01404   0.01327   0.09334        91       640    0.0609    0.1835   0.04637   0.01215   0.09538    0.0262   0.01508
     9/299     13.4G   0.06365   0.01389   0.01264   0.09018        59       640   0.09419    0.2156   0.07323   0.02301   0.09212   0.02686   0.01486
    10/299     13.4G   0.06118   0.01369   0.01233    0.0872        51       640    0.1255     0.367     0.116   0.04179   0.08873   0.02734   0.01464
    11/299     13.4G   0.05816   0.01493   0.01271    0.0858        68       640    0.1708    0.2752     0.159   0.06364   0.08619   0.02741    0.0146
    12/299     13.4G   0.05657   0.01414   0.01204   0.08275        56       640    0.2256    0.3533    0.2098   0.09287    0.0847   0.02695   0.01452
    13/299     13.4G   0.05409   0.01371   0.01223   0.08003        62       640    0.2479    0.3902    0.2471    0.1128     0.082   0.02662   0.01445
    14/299     13.4G    0.0524   0.01374   0.01223   0.07837        90       640    0.2011     0.478     0.265   0.09035   0.08026   0.02593   0.01449
    15/299     13.4G   0.05228   0.01353    0.0126   0.07841        86       640    0.3235    0.4317    0.3354    0.1418   0.07811   0.02526   0.01448
    16/299     13.4G   0.04971   0.01308   0.01286   0.07565        84       640    0.3506    0.4455     0.362    0.1919    0.0763   0.02461   0.01447
    17/299     13.4G   0.04805   0.01218   0.01213   0.07236        67       640    0.2559    0.6117    0.3769    0.1764   0.07499   0.02396   0.01443
    18/299     13.4G   0.04951     0.012   0.01195   0.07346        52       640    0.8537    0.3257    0.3969    0.2098   0.07393   0.02323   0.01424
    19/299     13.4G   0.04821   0.01198    0.0126   0.07279        70       640    0.8931    0.3207    0.4034    0.1636   0.07409    0.0224   0.01409
    20/299     13.4G   0.04852   0.01149    0.0125   0.07251        60       640    0.3347    0.4907    0.4245    0.2496   0.07595   0.02132   0.01412
    21/299     13.4G    0.0493   0.01142   0.01241   0.07313        90       640    0.2888    0.5237    0.4092    0.1523   0.07819    0.0205   0.01409
    22/299     13.4G   0.04887   0.01152   0.01239   0.07277        75       640    0.2947    0.5423    0.4483    0.2474   0.07739   0.01988   0.01412
    23/299     13.4G   0.04863   0.01095   0.01292    0.0725        62       640    0.8847    0.3716    0.4543     0.212   0.07504   0.02012    0.0142
    24/299     13.4G   0.04902  0.009956   0.01282    0.0718        62       640     0.342    0.5329      0.44    0.2209   0.07846   0.01913   0.01426
    25/299     13.4G   0.04735   0.01036   0.01268   0.07039        84       640     0.404    0.5607     0.488    0.2755   0.07562   0.01936    0.0143
    26/299     13.4G   0.04477   0.01051   0.01213   0.06741        77       640    0.2726    0.5745    0.4197    0.1691   0.08246    0.0178    0.0142
    27/299     13.4G   0.04504  0.009298   0.01154   0.06588        56       640    0.3627    0.5561    0.4676    0.2606   0.08036   0.01775   0.01412
    28/299     13.4G    0.0477  0.009751   0.01211   0.06956        78       640    0.2635    0.4812    0.3432    0.1887   0.08279   0.01801   0.01414
    29/299     13.4G   0.05006   0.01011   0.01189   0.07206        73       640    0.2182    0.5375     0.295   0.09089   0.08281   0.01837   0.01411
    30/299     13.4G   0.04555  0.009051   0.01117   0.06577        76       640    0.4689    0.4267    0.4191    0.1812   0.07682   0.01915    0.0142
    31/299     13.4G   0.04576  0.009177   0.01154   0.06648        70       640    0.2949    0.5985    0.4594    0.2159   0.07737   0.01851   0.01414
    32/299     13.4G   0.04361  0.009779   0.01171   0.06509        71       640     0.296    0.6116     0.447    0.2338   0.07897   0.01782   0.01418
    33/299     13.4G   0.04364  0.009481   0.01241   0.06553        77       640    0.8723    0.3486    0.4483    0.1704   0.08005   0.01773   0.01414
    34/299     13.4G   0.04478  0.009072   0.01173   0.06559        52       640    0.3358    0.5006    0.4199    0.1951   0.08089   0.01723   0.01396
    35/299     13.4G   0.04519  0.009014   0.01194   0.06614        86       640    0.3859    0.4867    0.4124    0.2065   0.07931   0.01725   0.01385
    36/299     13.4G   0.04525  0.009234   0.01101   0.06549        94       640    0.6573    0.4545    0.4819    0.2855   0.07534   0.01838   0.01385
    37/299     13.4G   0.04504   0.00945   0.01214   0.06662        73       640    0.6877    0.4591    0.4742     0.287   0.07641    0.0181   0.01429
    38/299     13.4G   0.04296  0.008922    0.0116   0.06348       102       640     0.349    0.5405     0.468    0.2767   0.07848   0.01759   0.01426
    39/299     13.4G   0.04242  0.008868   0.01122   0.06251        84       640    0.4279    0.5054    0.4636    0.2557   0.08153   0.01704   0.01416
    40/299     13.4G   0.04801  0.008997   0.01221   0.06922        50       640    0.3607    0.5145     0.469    0.2591   0.08445   0.01664   0.01507
    41/299     13.4G   0.04487   0.01064   0.01136   0.06686        62       640    0.4421    0.4959    0.4761    0.2778    0.0911   0.01489    0.0164
    42/299     13.4G   0.04329   0.00952   0.01029    0.0631        75       640    0.6651     0.482    0.4791    0.2532   0.09249   0.01455   0.01671
    43/299     13.4G   0.04252  0.009282   0.01051   0.06231        72       640     0.502    0.4683    0.4516    0.2627   0.09351   0.01406   0.01657
    44/299     13.4G   0.04642  0.008873   0.01161    0.0669        76       640    0.5453    0.4729    0.4652    0.2829   0.09265    0.0142   0.01661
    45/299     13.4G   0.04433   0.00944   0.01076   0.06453        75       640    0.3794    0.5052    0.4567    0.2455   0.09395   0.01424   0.01705
    46/299     13.4G   0.04793  0.009024   0.01091   0.06787        66       640    0.4807    0.4501    0.3716     0.189   0.09378   0.01559   0.01523
    47/299     13.4G   0.04905  0.009861   0.01158   0.07049        62       640    0.4033    0.4409     0.407    0.2189   0.09003   0.01716    0.0146
    48/299     13.4G   0.05067  0.009661   0.01089   0.07122        63       640    0.2647    0.6167    0.3979    0.2199   0.08928   0.01708   0.01466
    49/299     13.4G   0.04815   0.01044   0.01108   0.06967        62       640    0.2362    0.5609    0.3395    0.1553   0.08827    0.0163    0.0147
    50/299     13.4G   0.04575  0.009518   0.01103    0.0663       104       640    0.6202    0.4869    0.4927    0.2839   0.08581   0.01668   0.01446
    51/299     13.4G   0.04354  0.009721   0.01071   0.06398        91       640    0.7834    0.4915    0.5154    0.2942   0.08415   0.01661   0.01453
    52/299     13.4G   0.04726  0.009676   0.01106     0.068        74       640    0.4486    0.5235     0.488    0.2826   0.08208   0.01771   0.01408
    53/299     13.4G   0.04293  0.009406   0.01035   0.06269        69       640    0.5537    0.5008    0.4546    0.2536   0.08291    0.0183   0.01373
    54/299     13.4G   0.04657   0.00918   0.01074   0.06649        57       640    0.4372    0.5194    0.4821    0.2935   0.08419   0.01785   0.01371
    55/299     13.4G   0.04546  0.009557   0.01064   0.06566        61       640    0.3948    0.5471    0.4881     0.287   0.08094   0.01863   0.01352
    56/299     13.4G    0.0451  0.009864  0.009482   0.06444        71       640    0.3091    0.6045    0.4628    0.2912   0.07908   0.01958   0.01331
    57/299     13.4G   0.04626   0.00912   0.01172    0.0671        58       640    0.5168    0.5285    0.4914    0.2833    0.0808   0.01933   0.01274
    58/299     13.4G   0.04637  0.009541    0.0113   0.06722        60       640    0.6456    0.5007     0.507    0.3145   0.07773   0.02002   0.01248
    59/299     13.4G   0.04372   0.00959   0.01025   0.06356        74       640    0.7275    0.4917    0.5115    0.3014   0.07797   0.01988    0.0124
    60/299     13.4G   0.04336   0.01005   0.01047   0.06387        89       640    0.7332    0.5194    0.5166    0.2912   0.07915   0.01893   0.01241
    61/299     13.4G   0.04215  0.009436   0.00934   0.06092        34       640    0.5487    0.5378     0.508    0.3011   0.07867   0.01868   0.01232
    62/299     13.4G   0.04568  0.008829    0.0101   0.06461        67       640    0.7124    0.5423    0.5458    0.3217   0.07848   0.01841   0.01213
    63/299     13.4G   0.03906  0.009026   0.01027   0.05835        88       640    0.7194    0.4953    0.5367    0.3024   0.08059   0.01801   0.01244
    64/299     13.4G   0.04013  0.008926   0.00922   0.05828        51       640    0.7689     0.492    0.5428    0.3514   0.07742   0.01881   0.01215
    65/299     13.4G   0.03925  0.009823  0.008692   0.05777        64       640    0.8843     0.492    0.5414    0.3196   0.07766    0.0188   0.01186
    66/299     13.4G   0.03992  0.009512  0.009037   0.05847        56       640    0.7773    0.4782    0.5465    0.3514   0.07477   0.01917     0.012
    67/299     13.4G   0.04133  0.008937  0.008646   0.05891        63       640    0.6696    0.5561    0.5741    0.3464   0.07452   0.01941   0.01175
    68/299     13.4G    0.0423  0.008852  0.008676   0.05983        96       640    0.7303    0.5655    0.5859    0.3677    0.0735   0.01989    0.0114
    69/299     13.4G   0.04036  0.009361   0.01017   0.05989        86       640    0.7363    0.5377    0.5858    0.3677   0.07368   0.01971   0.01122
    70/299     13.4G    0.0405  0.009182  0.007708   0.05739        50       640    0.6765    0.6069    0.6049    0.3913   0.07463   0.01896   0.01101
    71/299     13.4G   0.03931  0.008633  0.008287   0.05623        54       640    0.6467    0.5973    0.6067    0.3889   0.07515   0.01857   0.01102
    72/299     13.4G   0.04002  0.008939  0.008091   0.05705       114       640    0.9117    0.4599    0.5898    0.3883   0.07384   0.01921   0.01122
    73/299     13.4G   0.03716  0.008809  0.007548   0.05352        79       640    0.6675    0.5609    0.5851     0.378   0.07373   0.01926   0.01137
    74/299     13.4G   0.03732  0.008367  0.008484   0.05417        79       640    0.9077    0.4644    0.5967    0.4031    0.0744   0.01869   0.01155
    75/299     13.4G   0.04046  0.009417  0.009402   0.05928        44       640    0.7051    0.5512    0.6012    0.4033   0.07332   0.01884   0.01141
    76/299     13.4G   0.03483  0.008503  0.007379   0.05072        46       640    0.7008    0.5696    0.6185    0.3831   0.07273   0.01922   0.01114
    77/299     13.4G   0.03757  0.008343  0.007826   0.05374        72       640    0.5622    0.6336    0.6365    0.4158   0.07128   0.01966    0.0112
    78/299     13.4G   0.03374  0.008708  0.006632   0.04908        51       640    0.7311    0.5334     0.637    0.4012   0.06913   0.02014   0.01103
    79/299     13.4G   0.03439  0.008356  0.008175   0.05092        54       640    0.8124    0.5262    0.6305    0.3942   0.06933   0.02061    0.0108
    80/299     13.4G   0.03602  0.008134  0.006531   0.05069        64       640    0.6857    0.6394    0.6544    0.4244   0.06781   0.02062   0.01059
    81/299     13.4G   0.03369   0.00799  0.006979   0.04866        64       640    0.7034     0.628    0.6521    0.4174   0.06732    0.0207   0.01048
    82/299     13.4G   0.03791  0.008134  0.007081   0.05313        75       640     0.751    0.6072    0.6564    0.4235   0.06805   0.02063   0.01057
    83/299     13.4G   0.03674  0.008396  0.007645   0.05279        56       640    0.7051    0.5989    0.6408    0.4236   0.06912    0.0202    0.0108
    84/299     13.4G   0.03758  0.008578  0.007039    0.0532        81       640    0.6969    0.6294    0.6488    0.4326    0.0677   0.02033   0.01075
    85/299     13.4G   0.03707    0.0089  0.007915   0.05388       107       640    0.8384    0.5828    0.6763    0.4501    0.0702   0.01948   0.01054
    86/299     13.4G   0.03708  0.008362  0.007664   0.05311        57       640    0.7722    0.5839    0.6795    0.4408   0.06775   0.02007   0.01062
    87/299     13.4G   0.02953  0.008018  0.006657   0.04421        98       640    0.8193    0.5847    0.6785    0.4419   0.06852   0.01995    0.0105
    88/299     13.4G   0.03566  0.008069  0.005973    0.0497        92       640    0.8257    0.5657    0.6767    0.4344    0.0672   0.02049   0.01051
    89/299     13.4G   0.03533  0.008195   0.00679   0.05031        59       640    0.8265     0.584    0.6791    0.4454   0.06725   0.02036   0.01029
    90/299     13.4G   0.03308  0.008001  0.005582   0.04666        56       640    0.8478    0.5569     0.684    0.4474   0.06828   0.01999   0.01008
    91/299     13.4G    0.0305     0.008  0.006216   0.04472        48       640    0.8284    0.5472    0.6758    0.4523   0.06909   0.01989   0.01003
    92/299     13.4G   0.03264  0.008344   0.00568   0.04666       101       640    0.9056    0.5467    0.6993    0.4516   0.07044   0.01938   0.01005
    93/299     13.4G    0.0282  0.008086  0.006503   0.04279        68       640    0.9353    0.5334    0.6848    0.4467   0.06882   0.01972   0.01018
    94/299     13.4G   0.03174  0.008601  0.006795   0.04714        87       640    0.7817    0.5738    0.6644    0.4386   0.07013   0.01922   0.01012
    95/299     13.4G    0.0301  0.007639  0.005076   0.04281        70       640    0.6557    0.6397    0.6718    0.4305   0.07016   0.01934   0.01022
    96/299     13.4G   0.03549  0.007745  0.006048   0.04929        62       640    0.6068    0.7183     0.682    0.4404   0.07133   0.01896   0.01026
    97/299     13.4G    0.0331  0.007485  0.005591   0.04617        79       640    0.5742    0.7227    0.6812    0.4523   0.07094   0.01887   0.01008
    98/299     13.4G   0.03462  0.007475  0.006971   0.04906        93       640    0.6482    0.6674    0.6925     0.466   0.06992   0.01898   0.01003
    99/299     13.4G   0.02705  0.007475  0.004328   0.03886        87       640    0.7229    0.6165     0.691    0.4473   0.07016   0.01888   0.01001
   100/299     13.4G   0.03164  0.008244  0.005198   0.04508        60       640    0.8431    0.5795    0.7036    0.4645   0.06829   0.01934  0.009687
   101/299     13.4G   0.03121  0.007657  0.005417   0.04428        72       640    0.8548    0.5796    0.6998    0.4619   0.06789   0.01975  0.009696
   102/299     13.4G   0.02801  0.007129  0.004587   0.03973        56       640    0.8413    0.5796     0.708    0.4697   0.06545   0.02039  0.009761
   103/299     13.4G   0.03575  0.008426  0.006409   0.05059        69       640    0.7698    0.6212    0.7115    0.4523   0.06639    0.0202  0.009607
   104/299     13.4G   0.03022  0.007196  0.005765   0.04318        58       640    0.6791     0.689    0.7009    0.4776   0.06512   0.02055  0.009257
   105/299     13.4G   0.03266  0.007511  0.005369   0.04554        74       640    0.7032     0.695     0.736    0.4708   0.06436   0.02075   0.00932
   106/299     13.4G   0.03059  0.007237  0.004531   0.04236        73       640    0.6161    0.7961    0.7397    0.4873   0.06341   0.02086  0.009338
   107/299     13.4G    0.0307  0.007207  0.004679   0.04258        70       640     0.639    0.7644     0.724    0.4697   0.06387   0.02057  0.009327
   108/299     13.4G   0.03003  0.007246  0.005016   0.04229        53       640     0.643    0.7222     0.715    0.4579   0.06313   0.02066  0.009291
   109/299     13.4G   0.03551  0.007695  0.005186   0.04839        78       640    0.6428    0.7319    0.7162    0.4554   0.06185   0.02096   0.00904
   110/299     13.4G    0.0307  0.007337  0.004002   0.04204        48       640    0.7851    0.6395     0.712    0.4686   0.06198   0.02104   0.00866
   111/299     13.4G   0.02922  0.007485  0.004023   0.04073        81       640    0.7125    0.7091    0.7259     0.461   0.06215   0.02112  0.008484
   112/299     13.4G   0.03134  0.007794  0.004376   0.04351       103       640    0.8311    0.6305    0.7118    0.4582   0.06224   0.02124  0.008892
   113/299     13.4G   0.02733  0.007312  0.003156    0.0378        61       640    0.7302    0.6258    0.6872    0.4533   0.06378   0.02075   0.00895
   114/299     13.4G   0.03331  0.007177  0.003606   0.04409        85       640     0.662    0.7367    0.7178    0.4631   0.06351   0.02079  0.009272
   115/299     13.4G     0.034  0.007469  0.005843   0.04731        60       640    0.6816    0.6812    0.7003    0.4591   0.06264   0.02078  0.009348
   116/299     13.4G   0.03087  0.007029  0.003144   0.04104        77       640    0.7448    0.6534    0.7067    0.4673   0.06173   0.02099  0.009635
   117/299     13.4G   0.03151  0.007648  0.003828   0.04298        73       640    0.6813    0.7227    0.7146    0.4646   0.06101   0.02114  0.009692
   118/299     13.4G   0.02792  0.006938  0.003462   0.03832        59       640    0.6831     0.709     0.696    0.4655   0.06134    0.0212   0.01017
   119/299     13.4G   0.03353  0.008434  0.004493   0.04646        80       640    0.6621    0.7044    0.6871     0.456   0.06092   0.02123   0.01011
   120/299     13.4G   0.03089  0.007254  0.004083   0.04222        84       640    0.8341    0.5641    0.6866    0.4636   0.06175   0.02117   0.01012
   121/299     13.4G   0.02755  0.007239  0.003459   0.03825        75       640    0.6505    0.6855    0.6866    0.4513   0.06217   0.02099  0.009918
   122/299     13.4G   0.03038  0.007332  0.002959   0.04067        49       640    0.7072    0.6386    0.7021    0.4564   0.06249   0.02088   0.00971
   123/299     13.4G   0.02817    0.0073  0.003492   0.03897        72       640    0.7029    0.6673    0.7085    0.4663   0.06284   0.02072  0.009573
   124/299     13.4G   0.02875  0.006992  0.004438   0.04018        71       640    0.6376    0.7179     0.698    0.4701   0.06419    0.0203  0.009382
   125/299     13.4G   0.02807  0.007715  0.004408   0.04019        82       640    0.7642    0.6165     0.699    0.4495   0.06379    0.0205   0.00928
   126/299     13.4G   0.02668   0.00666  0.004066   0.03741        64       640    0.7566    0.6392    0.6979    0.4622   0.06405   0.02052  0.009143
   127/299     13.4G    0.0286  0.007466   0.00357   0.03964        65       640    0.7327    0.6673    0.7065    0.4754   0.06406   0.02046  0.009225
   128/299     13.4G   0.02565  0.006857   0.00276   0.03527       122       640    0.7912    0.6858    0.7324    0.4786   0.06283   0.02094   0.00913
   129/299     13.4G   0.03234  0.007216  0.003964   0.04352        62       640    0.7786    0.6904    0.7205    0.4665   0.06267   0.02101  0.009171
   130/299     13.4G   0.02765  0.007289  0.004086   0.03903        90       640    0.7952    0.7027    0.7306    0.4787   0.06353   0.02071   0.00921
   131/299     13.4G   0.02863  0.006836  0.003005   0.03847        76       640    0.7836    0.7229    0.7398    0.4718   0.06471   0.02032  0.008977
   132/299     13.4G    0.0273  0.007123  0.003623   0.03805        47       640    0.8171    0.7413    0.7643    0.4832   0.06305   0.02064  0.008753
   133/299     13.4G   0.02643  0.006988  0.002734   0.03615        55       640    0.8346    0.6904    0.7656    0.4866   0.06305   0.02067  0.008699
   134/299     13.4G   0.02756  0.006679   0.00256    0.0368        63       640    0.8101    0.6766     0.762    0.4738   0.06385   0.02039  0.008632
   135/299     13.4G   0.02444  0.007007  0.002324   0.03377        77       640    0.8173    0.6581    0.7326     0.473   0.06344   0.02034   0.00863
   136/299     13.4G   0.02554  0.007264  0.002371   0.03518        90       640    0.7745    0.7181    0.7555    0.4768   0.06337    0.0203  0.008594
   137/299     13.4G    0.0289  0.006694  0.003285   0.03888        63       640     0.832    0.6812    0.7527    0.4851   0.06344   0.02025  0.008819
   138/299     13.4G   0.02917  0.007064  0.003781   0.04001        62       640    0.8253    0.6674    0.7518     0.477   0.06083   0.02114  0.008869
   139/299     13.4G   0.02515  0.006709   0.00241   0.03427        60       640     0.727    0.7226    0.7389    0.4769   0.06122   0.02113  0.008492
   140/299     13.4G   0.03024  0.007026  0.002898   0.04016        40       640    0.8401    0.7091    0.7788    0.4992   0.06163   0.02093  0.008366
   141/299     13.4G   0.02614  0.006751  0.002056   0.03495        60       640    0.7976    0.7367    0.7697    0.4913   0.06185   0.02086  0.008203
   142/299     13.4G   0.02826  0.007213  0.003961   0.03943        43       640    0.7883    0.7413    0.7505    0.4897   0.06092   0.02101  0.008344
   143/299     13.4G   0.02743  0.006815  0.004177   0.03842        79       640    0.7424    0.7505    0.7103    0.4701   0.06116   0.02102  0.008633
   144/299     13.4G   0.02649  0.007208  0.002294   0.03599       100       640    0.7088    0.7637    0.7234    0.4551   0.06093   0.02111  0.008641
   145/299     13.4G   0.02814  0.006751   0.00262   0.03751        71       640    0.7203    0.7552    0.7351    0.4648   0.06168   0.02078  0.008653
   146/299     13.4G   0.02601  0.006707  0.002698   0.03541        64       640    0.7042    0.7552    0.7344    0.4816   0.06143   0.02076  0.008859
   147/299     13.4G   0.03109  0.006811  0.003101     0.041        87       640    0.7082    0.7274    0.7183    0.5018   0.06065   0.02091  0.008752
   148/299     13.4G     0.027  0.006959  0.002767   0.03672        64       640    0.7132    0.7413    0.7531    0.5011   0.06033     0.021  0.008999
   149/299     13.4G   0.02624  0.006271  0.002533   0.03504        94       640    0.6926    0.7984    0.7557    0.4909   0.06074   0.02082  0.009102
   150/299     13.4G   0.02504  0.006975   0.00234   0.03435        81       640     0.688    0.7691    0.7478    0.4836   0.06129   0.02064   0.00914
   151/299     13.4G   0.02634  0.006629   0.00313    0.0361        82       640    0.6728    0.7691    0.7595    0.4876   0.06189    0.0206  0.008948
   152/299     13.4G   0.02749  0.007516  0.002432   0.03744        79       640     0.746    0.7183     0.766    0.5069   0.06166   0.02058  0.009019
   153/299     13.4G   0.02531  0.006678  0.002162   0.03415        60       640    0.7618    0.7185    0.7526    0.4924   0.06106   0.02101  0.009229
   154/299     13.4G   0.02755  0.006329   0.00331   0.03719        53       640    0.7881    0.7124    0.7475    0.4881   0.05938   0.02177  0.009126
   155/299     13.4G   0.02689  0.006663  0.002747    0.0363        62       640    0.7475    0.7647    0.7512    0.4878   0.05823   0.02205  0.009048
   156/299     13.4G   0.02697  0.006972  0.003229   0.03717        51       640     0.811     0.723    0.7706    0.4992   0.05736   0.02206  0.008608
   157/299     13.4G   0.02539  0.006606  0.002159   0.03415        76       640    0.7676    0.7438    0.7712    0.4904    0.0572   0.02199  0.008588
   158/299     13.4G   0.02636  0.006241  0.002157   0.03476        64       640    0.7194    0.7737     0.768     0.489   0.05762   0.02185  0.008706
   159/299     13.4G   0.02259  0.006473  0.002175   0.03124        57       640     0.847    0.6564    0.7593    0.4949    0.0577   0.02181  0.008883
   160/299     13.4G   0.02677  0.006583  0.002612   0.03596        90       640    0.7421    0.7317    0.7552    0.4844   0.05844   0.02141  0.008996
   161/299     13.4G   0.02543  0.006946  0.002396   0.03478        70       640    0.7541    0.7549    0.7615    0.4863   0.05886   0.02128  0.008939
   162/299     13.4G   0.02392  0.006551  0.001317   0.03179        79       640    0.7566    0.7644    0.7545     0.478     0.059   0.02134  0.009014
   163/299     13.4G   0.02688  0.006928  0.003145   0.03696       108       640    0.7371    0.7597     0.756    0.4712   0.05928   0.02144  0.008923
   164/299     13.4G   0.02862  0.006808  0.002001   0.03742        84       640    0.7444    0.7504    0.7525    0.4701   0.05876   0.02164  0.008765
   165/299     13.4G    0.0236  0.006766  0.002087   0.03246        48       640    0.7848    0.7413    0.7534    0.4749   0.05873   0.02178   0.00859
   166/299     13.4G   0.02561  0.007007  0.002991   0.03561        87       640    0.8125    0.7599    0.7567    0.4822   0.05815   0.02206  0.008498
   167/299     13.4G    0.0221  0.006914  0.001768   0.03078        79       640    0.8018     0.759    0.7616    0.4829     0.058   0.02202   0.00869
   168/299     13.4G   0.02299  0.006253  0.001551   0.03079        82       640    0.8004    0.7457    0.7665    0.4846   0.05823   0.02193  0.008743
   169/299     13.4G   0.02611  0.006773  0.002568   0.03545        54       640    0.7491    0.7413    0.7634     0.484   0.05759    0.0222  0.008791
   170/299     13.4G   0.02534  0.006596  0.002492   0.03443        47       640    0.7954    0.7322    0.7648    0.4889   0.05719   0.02232    0.0088
   171/299     13.4G    0.0248  0.007029  0.001852   0.03368        65       640    0.7762    0.7415    0.7658     0.481   0.05732   0.02233  0.008878
   172/299     13.4G   0.02472  0.006495  0.002944   0.03416        75       640    0.6594     0.781    0.7336    0.4802   0.05661   0.02259  0.008951
   173/299     13.4G   0.02285  0.006546  0.001819   0.03122        42       640    0.7255    0.7874    0.7635    0.4809   0.05637   0.02265  0.008987
   174/299     13.4G   0.02363  0.006166  0.001541   0.03133        53       640     0.802     0.723    0.7734    0.4789   0.05696   0.02235  0.009008
   175/299     13.4G   0.02442  0.006461  0.003366   0.03424        67       640    0.7928    0.7274     0.765    0.4736   0.05716   0.02224   0.00892
   176/299     13.4G   0.02406  0.006622  0.001736   0.03241        74       640    0.7308    0.7951    0.7571    0.4784   0.05692   0.02237  0.008868
   177/299     13.4G   0.02239  0.006319  0.002139   0.03085        82       640    0.7661    0.7637    0.7492    0.4753    0.0565   0.02257  0.008923
   178/299     13.4G   0.02395  0.006189  0.002248   0.03239        60       640    0.7854    0.7599    0.7618    0.4695   0.05697   0.02244  0.008801
   179/299     13.4G   0.02467  0.007284  0.002744    0.0347        52       640     0.793    0.7599    0.7673    0.4826   0.05651   0.02237  0.008654
   180/299     13.4G   0.02308  0.006451  0.001548   0.03108        47       640    0.8129    0.7507    0.7763    0.4905   0.05643   0.02235  0.008655
   181/299     13.4G   0.02249  0.006438  0.001731   0.03066        43       640    0.8022    0.7045    0.7509    0.5034   0.05617   0.02238  0.008624
   182/299     13.4G   0.02329  0.006571  0.001837    0.0317        88       640     0.808    0.7367    0.7752    0.5027   0.05621   0.02234  0.008489
   183/299     13.4G   0.02249  0.006773  0.002011   0.03128        70       640    0.7775    0.7598    0.7904    0.4998   0.05622   0.02233  0.008533
   184/299     13.4G   0.02417  0.006628   0.00226   0.03306        69       640    0.7987    0.6951    0.7436     0.508   0.05558   0.02245  0.008754
   185/299     13.4G   0.02403  0.006301  0.001898   0.03223        75       640     0.835    0.7091    0.7616    0.5029   0.05548   0.02255   0.00879
   186/299     13.4G   0.02149  0.006393  0.001843   0.02973        97       640     0.779    0.7274    0.7608    0.4977   0.05528   0.02271  0.008684
   187/299     13.4G   0.02147  0.005716  0.001722   0.02891        87       640    0.7538    0.7322    0.7604    0.4969   0.05549   0.02267  0.008665
   188/299     13.4G   0.02549  0.006489  0.002384   0.03436        63       640     0.729    0.7874    0.7611    0.5018   0.05532   0.02265  0.008584
   189/299     13.4G   0.02383   0.00661  0.002145   0.03259        66       640    0.7879    0.7271    0.7609    0.5032   0.05532   0.02257  0.008534
   190/299     13.4G   0.02318  0.006323  0.003034   0.03254        81       640    0.8045    0.7184    0.7596    0.5071   0.05448   0.02279   0.00858
   191/299     13.4G    0.0233  0.005994  0.001953   0.03125        87       640    0.8081    0.7321    0.7633    0.5014   0.05436   0.02308  0.008648
   192/299     13.4G   0.02425  0.006259  0.001568   0.03207        72       640    0.8025    0.7044    0.7441    0.5046   0.05443   0.02311  0.008647
   193/299     13.4G   0.02358  0.006227  0.002177   0.03199        57       640    0.7748    0.7552    0.7676    0.5151   0.05452   0.02308  0.008613
   194/299     13.4G   0.02114  0.006264  0.001487    0.0289        80       640    0.7789     0.704     0.741    0.5104   0.05443   0.02309  0.008682
   195/299     13.4G   0.02111  0.006268   0.00159   0.02897        45       640    0.7714    0.7183    0.7537       0.5    0.0542   0.02314  0.008891
   196/299     13.4G   0.02158  0.006704   0.00127   0.02956        73       640    0.7567    0.7175    0.7482    0.4878   0.05494    0.0229   0.00913
   197/299     13.4G   0.02183  0.006235  0.001765   0.02983        62       640    0.6831    0.7446    0.7209    0.4783   0.05515   0.02289   0.00933
   198/299     13.4G   0.02432  0.006459  0.002311   0.03309       106       640    0.7631    0.6765    0.7193    0.4747   0.05535   0.02278  0.009449
   199/299     13.4G   0.02185  0.006113  0.001664   0.02963        77       640    0.7357    0.7227    0.7554    0.4832   0.05533   0.02285   0.00937
   200/299     13.4G    0.0221  0.006172  0.001536   0.02981        60       640    0.7141    0.7964    0.7678    0.4979   0.05522   0.02291   0.00915
   201/299     13.4G   0.02406  0.006281  0.001922   0.03226        71       640     0.706    0.7268    0.7267    0.4858   0.05502   0.02288  0.009321
   202/299     13.4G   0.02186  0.006423  0.002809   0.03109        68       640     0.769    0.7074      0.74    0.4866   0.05397   0.02309  0.009752
   203/299     13.4G   0.02487  0.006297  0.002291   0.03346        85       640      0.79    0.7029    0.7461    0.4837   0.05384   0.02324  0.009684
   204/299     13.4G   0.02462  0.006221  0.002079   0.03292        95       640    0.7933    0.6857    0.7483    0.4835   0.05406   0.02333   0.00963
   205/299     13.4G   0.02064  0.005864  0.001639   0.02815        41       640    0.8002    0.6998    0.7494    0.4965   0.05385   0.02339  0.009413
   206/299     13.4G   0.02155  0.005783  0.001465   0.02879        66       640    0.7897    0.6859    0.7499    0.4988   0.05412   0.02334  0.009277
   207/299     13.4G    0.0234  0.006406  0.002785   0.03259        32       640    0.7777    0.6859    0.7275    0.5048   0.05475   0.02317  0.009125
   208/299     13.4G   0.02357  0.006182  0.001503   0.03126        51       640    0.7292    0.7137     0.728    0.5008   0.05514   0.02308  0.009023
   209/299     13.4G    0.0211  0.006509  0.001342   0.02895       147       640    0.7933    0.7091    0.7488    0.4901   0.05523   0.02315  0.009033
   210/299     13.4G   0.02323  0.005743  0.001724    0.0307        77       640    0.7313    0.7459    0.7399    0.4838   0.05495   0.02334  0.009205
   211/299     13.4G   0.02263    0.0057  0.001508   0.02984        83       640     0.761    0.7229    0.7362    0.4895   0.05448   0.02348  0.009312
   212/299     13.4G   0.02056  0.006041  0.001402     0.028        42       640    0.7968    0.7183    0.7385    0.4929     0.054   0.02362  0.009415
   213/299     13.4G    0.0221  0.005557  0.001543    0.0292        89       640    0.7977    0.7078    0.7368    0.4901   0.05396   0.02364  0.009354
   214/299     13.4G   0.02189  0.005824  0.001611   0.02932        51       640    0.7463    0.7552    0.7378    0.4937   0.05378   0.02367  0.009193
   215/299     13.4G   0.02104  0.005748  0.001974   0.02877        49       640    0.7942    0.7509    0.7562     0.491   0.05377    0.0236  0.009097
   216/299     13.4G   0.02153  0.006308  0.002091   0.02993       108       640    0.7817    0.7551    0.7667    0.4972   0.05383   0.02343  0.008924
   217/299     13.4G   0.02467  0.006179  0.001942   0.03279        92       640    0.7949     0.746    0.7745    0.5049   0.05375   0.02338  0.008716
   218/299     13.4G    0.0219  0.006264  0.001613   0.02977        76       640    0.8118    0.7632    0.7785      0.51   0.05381   0.02347  0.008578
   219/299     13.4G   0.02366  0.006008  0.001474   0.03114        62       640    0.7875    0.7829     0.776    0.5082   0.05371   0.02355  0.008569
   220/299     13.4G    0.0215  0.005867  0.001272   0.02864        69       640     0.801    0.7551    0.7646    0.4979   0.05392   0.02342  0.008635
   221/299     13.4G   0.02086  0.005799  0.001497   0.02816        92       640    0.7809    0.7274    0.7377       0.5   0.05385   0.02337  0.008665
   222/299     13.4G   0.02089  0.006164   0.00176   0.02881        67       640      0.79    0.7206    0.7377    0.4948   0.05386   0.02328  0.008663
   223/299     13.4G     0.021  0.005907  0.001914   0.02882        83       640    0.7834    0.7209    0.7429    0.4939   0.05423   0.02315  0.008577
   224/299     13.4G   0.02413  0.006263  0.001339   0.03173        63       640    0.7633    0.7224    0.7521    0.4972   0.05442   0.02301  0.008675
   225/299     13.4G   0.02295  0.006101  0.001399   0.03044        66       640    0.6939    0.7541    0.7342    0.4981   0.05451   0.02287  0.008726
   226/299     13.4G   0.02147  0.005871  0.001612   0.02895        41       640    0.7309    0.7504    0.7387    0.4977   0.05422   0.02301  0.008593
   227/299     13.4G   0.02239  0.005941  0.001517   0.02985       129       640    0.7228    0.7644    0.7305     0.492   0.05428   0.02315    0.0086
   228/299     13.4G   0.02099  0.006066  0.001456   0.02851        42       640    0.7361    0.7598     0.733    0.4928   0.05451   0.02312   0.00855
   229/299     13.4G   0.02301  0.006086  0.001897     0.031        56       640    0.7548    0.7367    0.7324    0.4942   0.05498   0.02301  0.008497
   230/299     13.4G     0.023  0.006036  0.001862   0.03089        62       640    0.7725    0.7668    0.7598     0.495   0.05505   0.02304  0.008296
   231/299     13.4G    0.0233  0.005835    0.0023   0.03143        89       640    0.7738     0.746      0.74    0.4975   0.05509   0.02304  0.008165
   232/299     13.4G   0.02357  0.005713  0.001172   0.03045        63       640    0.8095    0.7438     0.749    0.4991   0.05451   0.02316  0.008166
   233/299     13.4G   0.02025   0.00592  0.001315   0.02748        92       640    0.8194    0.7645    0.7725       0.5   0.05426    0.0232  0.008275
   234/299     13.4G   0.02073   0.00585  0.001148   0.02773        65       640    0.7975     0.733    0.7538    0.5055   0.05405   0.02315   0.00846
   235/299     13.4G   0.02168  0.005781  0.001346    0.0288        51       640    0.7983     0.751    0.7678    0.5073   0.05373   0.02322  0.008527
   236/299     13.4G   0.02228  0.006057  0.001969    0.0303        69       640    0.7822     0.769    0.7701    0.5084   0.05334   0.02339  0.008584
   237/299     13.4G   0.02334  0.006595  0.001798   0.03173        76       640    0.7557    0.7861    0.7599    0.5016    0.0532   0.02341  0.008731
   238/299     13.4G   0.01986  0.005916  0.001482   0.02726        81       640     0.766     0.743    0.7381    0.5007   0.05298   0.02347   0.00885
   239/299     13.4G   0.02102  0.006095  0.001256   0.02837        44       640    0.7829    0.7597    0.7558    0.5026   0.05319   0.02344   0.00893
   240/299     13.4G   0.02259  0.005921  0.001238   0.02975        53       640    0.7883    0.7538    0.7599    0.4994   0.05348   0.02337  0.008902
   241/299     13.4G     0.021  0.006344  0.001146   0.02849        64       640    0.7626    0.7689    0.7666    0.5007    0.0535   0.02332  0.008906
   242/299     13.4G   0.01984  0.005554 0.0009387   0.02633        69       640    0.7721    0.7505    0.7606     0.494   0.05342    0.0234  0.008937
   243/299     13.4G   0.02037  0.005747  0.001236   0.02735        76       640    0.7828    0.7572    0.7585    0.4962   0.05342   0.02338  0.008929
   244/299     13.4G   0.02089  0.005903  0.001136   0.02793        66       640    0.7677    0.7413    0.7366    0.4964   0.05303   0.02352  0.008913
   245/299     13.4G    0.0199   0.00592  0.002129   0.02795        60       640     0.775    0.7412    0.7369    0.4968   0.05252   0.02368  0.008903
   246/299     13.4G   0.02193  0.005726  0.001576   0.02923        78       640    0.7636    0.7413    0.7379    0.4954   0.05234   0.02382   0.00885
   247/299     13.4G   0.02181  0.005849    0.0014   0.02906        83       640    0.7887    0.7412    0.7451     0.502   0.05269   0.02368  0.008754
   248/299     13.4G   0.02171  0.005481  0.000949   0.02814        64       640    0.7754    0.7413    0.7394    0.5022   0.05283   0.02368  0.008682
   249/299     13.4G   0.01981  0.005309  0.001408   0.02653        64       640    0.7823    0.7413    0.7383    0.4992   0.05264   0.02373  0.008703
   250/299     13.4G   0.01908  0.005685   0.00145   0.02622        50       640    0.7959    0.7691    0.7723    0.5033   0.05229   0.02388  0.008755
   251/299     13.4G   0.02175  0.005979   0.00137    0.0291        58       640    0.8232    0.7531    0.7674    0.5007   0.05198   0.02399  0.008791
   252/299     13.4G   0.02216   0.00603  0.001227   0.02942       109       640    0.7926    0.7687    0.7714    0.4953   0.05182   0.02403  0.008807
   253/299     13.4G   0.02075  0.006331  0.001858   0.02894        69       640     0.803    0.7717    0.7789    0.5019   0.05202   0.02396  0.008678
   254/299     13.4G   0.02067  0.006063  0.001235   0.02796        68       640    0.7919    0.8012    0.7776    0.5078   0.05232   0.02385  0.008615
   255/299     13.4G   0.02176  0.005852  0.001381     0.029        71       640    0.7782    0.7875    0.7638    0.5038   0.05238   0.02387  0.008549
   256/299     13.4G   0.02063  0.005908  0.001325   0.02786        72       640    0.7911    0.7598    0.7659    0.5074   0.05265   0.02387  0.008528
   257/299     13.4G   0.02142  0.006079  0.002264   0.02976        92       640    0.7805    0.7737    0.7673    0.5092    0.0526    0.0239  0.008544
   258/299     13.4G   0.01896  0.005365  0.000952   0.02527        42       640    0.7944    0.7737    0.7682    0.5096   0.05239   0.02401  0.008567
   259/299     13.4G   0.01997  0.005637  0.001031   0.02664        70       640    0.7663    0.7737    0.7512    0.5059   0.05226   0.02403  0.008551
   260/299     13.4G   0.02012  0.005888  0.001517   0.02752        54       640    0.7817    0.7876    0.7678    0.5071    0.0519   0.02412  0.008507
   261/299     13.4G   0.02307  0.006103  0.001452   0.03062        74       640    0.7724    0.7598    0.7491    0.5054   0.05167   0.02413  0.008543
   262/299     13.4G   0.02288  0.006497  0.001539   0.03091        81       640    0.7535    0.8061    0.7624    0.5025    0.0516   0.02409  0.008602
   263/299     13.4G   0.02189  0.005861  0.001551    0.0293        66       640    0.7843    0.7654    0.7671    0.5055   0.05155   0.02405  0.008633
   264/299     13.4G   0.01953  0.005537  0.001187   0.02626        56       640    0.7618    0.7966    0.7669    0.5035   0.05128   0.02409  0.008688
   265/299     13.4G   0.01932   0.00571 0.0009706     0.026        80       640     0.773    0.7829     0.767    0.5022   0.05127    0.0241  0.008687
   266/299     13.4G   0.02088   0.00585  0.001235   0.02796        70       640     0.741    0.8009    0.7627    0.5003   0.05128   0.02413  0.008668
   267/299     13.4G   0.02107   0.00598  0.001249    0.0283        61       640    0.7721    0.7737    0.7643    0.5011   0.05138   0.02412  0.008629
   268/299     13.4G   0.02206  0.006616  0.001938   0.03061       103       640    0.7583    0.7782     0.763    0.4972   0.05117   0.02421  0.008604
   269/299     13.4G   0.02255  0.006011  0.002108   0.03067        66       640    0.7573    0.7598    0.7636    0.5024   0.05118    0.0241  0.008592
   270/299     13.4G   0.02206  0.006077  0.001052   0.02919       106       640    0.7524    0.8059     0.771    0.5031   0.05134   0.02395  0.008569
   271/299     13.4G   0.01983  0.005794  0.001296   0.02692        80       640    0.7745      0.82    0.7749    0.5066   0.05145   0.02388  0.008553
   272/299     13.4G   0.02324  0.006121  0.001332   0.03069        76       640    0.7997    0.7969    0.7755    0.5063   0.05155   0.02393   0.00852
   273/299     13.4G   0.02072  0.006164  0.001663   0.02855        81       640    0.7876    0.7968    0.7773    0.5051    0.0516   0.02388  0.008524
   274/299     13.4G   0.01981  0.005763  0.001272   0.02685        91       640    0.7762    0.7969    0.7789    0.5068   0.05171   0.02382  0.008549
   275/299     13.4G   0.02005  0.005855    0.0016   0.02751        53       640    0.7964    0.7829    0.7767    0.5072   0.05162   0.02386  0.008539
   276/299     13.4G   0.01956  0.005638  0.001204   0.02641        66       640    0.7822     0.783      0.77    0.5032   0.05197    0.0238  0.008627
   277/299     13.4G   0.02037  0.005588  0.001429   0.02738        79       640    0.8123    0.7552    0.7684    0.5036   0.05214   0.02376  0.008693
   278/299     13.4G   0.01896    0.0056 0.0009575   0.02551        69       640    0.8147    0.7552    0.7693    0.5015   0.05206   0.02383  0.008695
   279/299     13.4G   0.02176  0.006675  0.001439   0.02987        63       640    0.7984    0.7826    0.7711    0.5052   0.05198   0.02385  0.008647
   280/299     13.4G   0.01853  0.005397  0.001147   0.02508        38       640    0.8066    0.7732    0.7904    0.5096     0.052   0.02374  0.008697
   281/299     13.4G   0.01884  0.005507 0.0008627   0.02521        56       640    0.8234    0.7598    0.7865    0.5054   0.05211   0.02373  0.008746
   282/299     13.4G   0.01899  0.005461 0.0009468    0.0254        72       640    0.8222    0.7597    0.7827    0.5058   0.05192    0.0238  0.008837
   283/299     13.4G   0.01973  0.005406  0.001353   0.02649        85       640    0.8208    0.7591    0.7767    0.5028   0.05174   0.02383  0.008882
   284/299     13.4G   0.02089  0.005661  0.001611   0.02816        83       640    0.8168    0.7566    0.7748    0.4993   0.05185   0.02385   0.00893
   285/299     13.4G   0.02152  0.005478  0.001151   0.02815        74       640    0.8143    0.7597    0.7712    0.4973   0.05179   0.02381  0.009008
   286/299     13.4G   0.02106  0.005732 0.0009664   0.02775        72       640    0.8181    0.7552    0.7683    0.4959    0.0515   0.02386  0.009039
   287/299     13.4G   0.02072  0.005993  0.001232   0.02795        89       640    0.8213    0.7551    0.7674    0.4947   0.05131   0.02385   0.00903
   288/299     13.4G   0.02029  0.005598  0.001505   0.02739        76       640     0.824    0.7408    0.7693    0.4976   0.05121   0.02382  0.009131
   289/299     13.4G   0.02079  0.006018   0.00133   0.02814        72       640    0.7882    0.7552    0.7713     0.502   0.05127   0.02373  0.009129
   290/299     13.4G   0.02157   0.00615  0.001339   0.02906        87       640    0.7889    0.7552    0.7758     0.503   0.05104   0.02376  0.009055
   291/299     13.4G   0.01939  0.005777  0.001296   0.02646        72       640    0.7862     0.755     0.776    0.5074   0.05093   0.02378  0.008997
   292/299     13.4G   0.02102   0.00573   0.00211   0.02886        52       640    0.7665    0.7551    0.7741    0.5053    0.0508   0.02384  0.008921
   293/299     13.4G   0.01988  0.005475 0.0009191   0.02627        59       640    0.7622    0.7598    0.7752     0.509   0.05059   0.02393  0.008872
   294/299     13.4G   0.02092  0.006011  0.001409   0.02833        62       640    0.7599    0.7783    0.7751    0.5033    0.0507   0.02401  0.008807
   295/299     13.4G   0.02172  0.006159  0.001411   0.02929        93       640     0.746    0.7783    0.7791    0.5082   0.05087   0.02396  0.008759
   296/299     13.4G   0.02044  0.006204  0.001321   0.02796        82       640    0.7944     0.753    0.7834    0.5098    0.0508   0.02397  0.008686
   297/299     13.4G   0.01892  0.005761  0.001474   0.02615        68       640    0.8104    0.7733    0.7898     0.511   0.05068   0.02399  0.008622
   298/299     13.4G   0.02257  0.005884  0.002007   0.03046        94       640    0.8106    0.7691    0.7745    0.5124   0.05075   0.02407    0.0086
   299/299     13.4G   0.02222  0.005908  0.001045   0.02917        90       640    0.8128    0.7679    0.7745    0.5121   0.05065   0.02411  0.008635
