     0/299     4.35G   0.08645   0.01775    0.0175    0.1217       140       640  0.002361   0.02752 0.0005779 0.0001135    0.1194   0.02346   0.01891
     1/299     24.8G   0.08097   0.01581   0.01637    0.1131       138       640  0.009153   0.05976  0.003399  0.000734    0.1115   0.02376   0.01777
     2/299     26.3G   0.07719   0.01516   0.01512    0.1075       195       640   0.02621    0.1608   0.01324  0.002896    0.1045   0.02459   0.01639
     3/299     26.3G   0.07199   0.01377   0.01394    0.0997       122       640      0.07    0.2754   0.05248   0.01336   0.09901   0.02532   0.01524
     4/299     26.3G   0.06606   0.01395   0.01301   0.09301       160       640    0.1122    0.2752   0.09874   0.03307   0.09344   0.02609   0.01463
     5/299     26.3G   0.06206   0.01484   0.01301   0.08991       207       640    0.1901    0.2899       0.2   0.07838   0.08884   0.02616    0.0143
     6/299     26.3G    0.0584   0.01396   0.01222   0.08458       245       640    0.2655    0.4592    0.2777    0.1124   0.08668   0.02484   0.01395
     7/299     26.3G   0.05495   0.01368   0.01206    0.0807       135       640    0.2773    0.4161    0.2719    0.1052   0.08411   0.02392   0.01396
     8/299     26.3G   0.05314   0.01334   0.01207   0.07855       213       640    0.7385    0.2982     0.234   0.06335   0.08299   0.02303   0.01383
     9/299     26.3G   0.05286   0.01198   0.01198   0.07681       144       640    0.8505     0.344     0.397    0.2002   0.08067    0.0222   0.01378
    10/299     26.3G   0.05088   0.01131    0.0122   0.07439       142       640    0.8529    0.3303    0.4053    0.1301   0.07937   0.02151   0.01361
    11/299     26.3G   0.05119   0.01144   0.01195   0.07457       189       640    0.7795    0.3199    0.3054   0.07478   0.08217   0.02056   0.01365
    12/299     26.3G   0.04912   0.01146   0.01266   0.07324       180       640     0.818    0.3303    0.3805    0.1523   0.07858   0.02052     0.014
    13/299     26.3G   0.04864  0.009946   0.01192   0.07051       163       640    0.8959    0.3349    0.4237    0.1518   0.07768   0.01956   0.01398
    14/299     26.3G   0.04792  0.009934     0.012   0.06985       161       640    0.3639    0.4959    0.4524    0.2373   0.07745   0.01915   0.01398
    15/299     26.3G   0.04668  0.009965   0.01215    0.0688       159       640     0.297    0.5688    0.4496    0.2168   0.08896   0.01643   0.01437
    16/299     26.3G   0.05069  0.008701   0.01266   0.07205       109       640    0.2689    0.5793    0.4157    0.2037   0.08304   0.01771   0.01414
    17/299     26.3G   0.04802   0.00963   0.01158   0.06923       139       640    0.2784      0.57    0.4148    0.1681   0.08272   0.01821   0.01442
    18/299     26.3G   0.04874  0.009736   0.01263   0.07111       197       640    0.3592     0.496    0.4403    0.2269   0.07977   0.01896   0.01426
    19/299     26.3G   0.04975  0.009483   0.01222   0.07146       162       640     0.362    0.4088      0.37    0.1853   0.08273   0.01946   0.01419
    20/299     26.3G   0.05086  0.009672   0.01197    0.0725       168       640    0.4657    0.4224    0.4002    0.1848   0.09533   0.01648   0.01634
    21/299     26.3G   0.06305  0.009882   0.01224   0.08517       158       640    0.2865    0.3398    0.2739     0.137   0.09856   0.01842   0.01568
    22/299     26.3G   0.05459   0.01122   0.01293   0.07874       167       640    0.2513    0.3861    0.3126    0.1524   0.09206   0.01924   0.01429
    23/299     26.3G   0.05363   0.01058   0.01294   0.07715       174       640    0.7806    0.1881     0.229     0.107   0.09782    0.0194    0.0156
    24/299     26.3G   0.05771   0.01033   0.01262   0.08066       132       640   0.06139   0.04128   0.01517  0.007093    0.1165   0.01989   0.01674
    25/299     26.3G   0.05817   0.01115   0.01255   0.08187       157       640    0.7535    0.1651    0.1945   0.09981   0.09438   0.02222   0.01412
    26/299     26.3G   0.05522   0.01152   0.01245   0.07919       135       640    0.8467    0.1971    0.2526    0.1145   0.09402   0.02324   0.01338
    27/299     26.3G   0.05369   0.01156   0.01258   0.07782       229       640    0.7623    0.2018    0.2261    0.1067   0.09124   0.02395   0.01357
    28/299     26.3G   0.05654   0.01093    0.0124   0.07986       160       640     0.745    0.2385    0.2486    0.1279   0.09228   0.02091   0.01356
    29/299     26.3G   0.05348   0.01065   0.01282   0.07695       183       640    0.8845    0.2291    0.3224     0.171   0.08331   0.02195   0.01318
    30/299     26.3G   0.05052  0.009973   0.01155   0.07204       141       640    0.8051    0.2385    0.2867    0.1608   0.08027   0.02266   0.01379
    31/299     26.3G   0.05147  0.009782   0.01208   0.07333       155       640    0.8477    0.2936    0.3383     0.182   0.08141   0.02125   0.01335
    32/299     26.3G   0.05022   0.01074   0.01162   0.07258       194       640     0.324    0.4413     0.374    0.1982   0.08097   0.02139   0.01266
    33/299     26.3G   0.04925   0.01055   0.01162   0.07142       166       640    0.8617     0.289    0.3418     0.188   0.08368   0.02066   0.01241
    34/299     26.3G   0.04952   0.01022   0.01227   0.07201       157       640    0.6009    0.3249    0.3313    0.1626   0.08097   0.02224   0.01227
    35/299     26.3G   0.04997   0.01002    0.0108    0.0708       197       640    0.3317    0.4411      0.32    0.1885   0.07697    0.0222    0.0122
    36/299     26.3G    0.0472   0.01004   0.01046    0.0677       171       640    0.2508    0.3494    0.2667    0.1386   0.08179   0.02536   0.01291
    37/299     26.3G   0.04794  0.009808   0.01161   0.06935       127       640    0.4386    0.2981    0.2884    0.1415   0.08545    0.0223   0.01289
    38/299     26.3G    0.0487    0.0105   0.00961   0.06881       146       640     0.451     0.515    0.4579     0.219    0.0834   0.02058   0.01214
    39/299     26.3G   0.04961  0.009308      0.01   0.06892       147       640    0.7163    0.3609     0.376    0.1956    0.0854   0.02123   0.01205
    40/299     26.3G   0.05158  0.009692    0.0107   0.07197       147       640    0.4403    0.3725    0.3654    0.1956     0.087   0.02192   0.01201
    41/299     26.3G   0.04768   0.01074  0.009164   0.06758       189       640    0.5576    0.4689    0.4695    0.2377    0.0806    0.0207   0.01187
    42/299     26.3G    0.0492   0.01014   0.01004   0.06938       174       640    0.5731    0.4957     0.459    0.2413   0.07672   0.02197   0.01156
    43/299     26.3G   0.04951  0.009354   0.01012   0.06899       175       640    0.6882    0.5287    0.5405    0.2673    0.0822   0.01967   0.01195
    44/299     26.3G   0.04684  0.009024  0.008797   0.06466       141       640    0.6465    0.5102    0.5297      0.29   0.07455   0.02133   0.01185
    45/299     26.3G   0.04904  0.009198   0.01014   0.06838       173       640    0.5753     0.584     0.569    0.3406   0.08488   0.01801   0.01145
    46/299     26.3G   0.04573  0.009486   0.01041   0.06562       175       640    0.7904    0.5198    0.5775    0.3462   0.08005   0.02003   0.01193
    47/299     26.3G   0.04632  0.009678  0.009486   0.06548       176       640    0.5871    0.4802    0.4834    0.2866    0.0856   0.01985   0.01193
    48/299     26.3G   0.05139  0.009418  0.009393    0.0702       148       640    0.6058    0.4369    0.4912    0.2717   0.08356   0.02092   0.01157
    49/299     26.3G   0.04444  0.009215  0.008169   0.06183       141       640    0.5368    0.5243    0.5084    0.2757   0.08342   0.01953   0.01158
    50/299     26.3G    0.0441  0.009285   0.00672    0.0601       142       640    0.5167     0.575    0.5501    0.2756   0.08288   0.01912   0.01154
    51/299     26.3G   0.04649  0.008944  0.007651   0.06309       210       640    0.7608    0.5692    0.5588    0.2901    0.0818   0.01908   0.01179
    52/299     26.3G   0.04501  0.009094  0.008913   0.06302       157       640    0.7219    0.5409    0.5844    0.3485   0.07832   0.01928    0.0122
    53/299     26.3G   0.04609  0.008497  0.008179   0.06276       153       640    0.6779    0.5108    0.5388     0.309   0.07735   0.02145   0.01144
    54/299     26.3G   0.04539  0.008603   0.00845   0.06244       154       640    0.7814     0.538    0.5841     0.338   0.07848   0.01976    0.0118
    55/299     26.3G   0.04387  0.008685  0.008716   0.06127       167       640    0.5237    0.3177    0.3448    0.1424   0.09147   0.02033   0.01471
    56/299     26.4G   0.05324  0.008254  0.009151   0.07064       119       640    0.2428     0.281     0.181   0.09433   0.09591   0.02535   0.01523
    57/299     26.4G   0.05466  0.009372   0.01124   0.07527       171       640    0.3263    0.1521    0.1155   0.04664    0.0954   0.02501   0.01518
    58/299     26.4G   0.05298  0.009088  0.009265   0.07133       170       640    0.3327    0.2799    0.1991   0.08467   0.09845   0.02141    0.0125
    59/299     26.4G   0.05342  0.009775   0.01006   0.07325       153       640    0.1591    0.1421   0.09098   0.03424   0.09657   0.02584   0.01467
    60/299     26.4G   0.05143   0.01182   0.01209   0.07534       174       640    0.4108    0.4051    0.3389    0.1646   0.09001   0.02199   0.01193
    61/299     26.4G   0.05222   0.01013  0.009427   0.07177       163       640    0.4832    0.3773     0.343    0.1819    0.0893   0.02224   0.01227
    62/299     26.4G   0.05009   0.01018   0.01046   0.07073       168       640    0.6004    0.3035    0.2836    0.1542   0.09763     0.021    0.0293
    63/299     26.4G   0.04909  0.009266   0.01072   0.06908       190       640    0.4328     0.353    0.3199    0.1652   0.08825   0.02253   0.01315
    64/299     26.4G    0.0532  0.009926  0.009741   0.07286       153       640    0.5181    0.3403    0.2563    0.1032   0.08903   0.02158   0.01401
    65/299     26.4G   0.05138   0.01032  0.009825   0.07153       188       640    0.5077    0.3219    0.3351    0.1457   0.09068   0.02067   0.01269
    66/299     26.4G   0.04862  0.009471   0.01013   0.06822       153       640    0.7473    0.4365    0.4723    0.2353   0.08418   0.02076   0.01207
    67/299     26.4G   0.04904  0.009185  0.009904   0.06813       146       640    0.4215    0.3818    0.3471     0.131   0.08954   0.02164    0.0128
    68/299     26.4G   0.05232   0.01009  0.009288   0.07169       205       640    0.5431    0.4276    0.4161    0.1614   0.09126   0.02019   0.01327
    69/299     26.4G    0.0505  0.009763   0.01124    0.0715       172       640    0.4819    0.3806    0.3734    0.1876    0.0898   0.02021   0.01311
    70/299     26.4G   0.04703  0.009148  0.009093   0.06527       172       640    0.4813    0.4648    0.4406    0.2434   0.08801   0.02039   0.01168
    71/299     26.4G   0.04991   0.01009  0.008081   0.06808       182       640    0.6727    0.4922    0.5105    0.2949   0.08681   0.01983   0.01104
    72/299     26.4G    0.0486  0.009646  0.009127   0.06737       154       640    0.6716    0.4915     0.524    0.2977    0.0837   0.01978   0.01152
    73/299     26.4G   0.05008  0.008882  0.009225   0.06819       121       640    0.7669    0.5361    0.5982    0.3015   0.08245   0.01927   0.01199
    74/299     26.4G   0.04735  0.009695  0.008887   0.06593       186       640    0.6345     0.339    0.3723    0.2005   0.08789   0.02131   0.01407
    75/299     26.4G    0.0489  0.009919   0.01009   0.06891       191       640    0.6782    0.3244    0.3701    0.2056   0.08959   0.02189   0.01228
    76/299     26.4G   0.04893  0.009779  0.008702   0.06741       217       640     0.564    0.4093    0.3941    0.2205   0.08743   0.02148   0.01214
    77/299     26.4G   0.04619  0.009062  0.008424   0.06368       180       640    0.4862     0.481    0.3911     0.199   0.08798   0.02039   0.01204
    78/299     26.4G   0.03714  0.009075  0.006011   0.05223       181       640    0.4685    0.3496    0.3596    0.2195    0.0878   0.02116   0.01386
    79/299     26.4G   0.04419  0.009256  0.007788   0.06124       130       640    0.7526    0.3266    0.3946    0.2325   0.08792   0.02168   0.01209
    80/299     26.4G   0.04465  0.009704  0.006789   0.06115       151       640    0.6258    0.3174    0.3892    0.2235   0.08738   0.02126   0.01341
    81/299     26.4G   0.04634  0.009133  0.008917   0.06439       199       640    0.5339    0.3823    0.4102    0.2156   0.08739   0.02228   0.01393
    82/299     26.4G   0.04521   0.00971  0.008324   0.06325       151       640    0.6839    0.3363    0.4036    0.2327   0.09131   0.01889   0.01473
    83/299     26.4G   0.05522   0.01002  0.009797   0.07504       134       640   0.07576    0.2217   0.02796   0.01811    0.1085   0.06617   0.03007
    84/299     26.4G   0.05302   0.01274   0.01285   0.07861       169       640   0.02432   0.03211  0.005135  0.001598    0.1138   0.02406    0.0414
    85/299     26.4G   0.05674   0.01204   0.01184   0.08062       144       640  0.004107   0.04587 0.0007008 0.0001638    0.1081   0.02894   0.04423
    86/299     26.4G   0.04959   0.01234   0.01291   0.07484       136       640     0.089   0.06422   0.03042   0.01345    0.1035   0.02553   0.01401
    87/299     26.4G   0.05256   0.01198   0.01113   0.07567       181       640   0.07815   0.08282    0.0167  0.007944    0.1009   0.02779   0.01459
    88/299     26.4G   0.05165   0.01111   0.01104   0.07379       168       640    0.1974    0.1103    0.0645   0.03097     0.102   0.02463   0.02613
    89/299     26.4G   0.04627    0.0104   0.01038   0.06705       179       640    0.4879    0.1474    0.1435   0.06748   0.09646   0.02321    0.0167
    90/299     26.4G   0.04914   0.01056    0.0117    0.0714       188       640   0.03045    0.4605   0.02087  0.008827   0.09519   0.08297   0.01499
    91/299     26.4G   0.04842   0.01091  0.009514   0.06885       144       640   0.03097    0.4604   0.02259  0.009496   0.09345   0.04042   0.01461
    92/299     26.4G   0.04902   0.01031   0.01073   0.07006       125       640   0.03143     0.331   0.02098  0.008959   0.09475   0.04504   0.01508
    93/299     26.4G   0.04796   0.01044  0.009596   0.06799       177       640    0.2597    0.3262    0.1995    0.1056   0.09184   0.02693   0.01437
    94/299     26.4G   0.04571   0.01004   0.01173   0.06748       198       640    0.2421    0.2388    0.1842     0.105   0.09184   0.02274   0.01423
    95/299     26.4G    0.0495   0.01066  0.009881   0.07004       122       640   0.01251   0.03224  0.001201 0.0008008    0.1136     1.545   0.03845
    96/299     26.4G   0.04702   0.01074   0.01128   0.06905       158       640    0.7713    0.2874     0.346    0.2004   0.08886   0.02151   0.01319
    97/299     26.4G   0.04594   0.01028    0.0103   0.06653       190       640     0.487    0.3212    0.3001    0.1668   0.09337   0.02346   0.01175
    98/299     26.4G   0.04641  0.009718  0.009542   0.06567       140       640    0.6236    0.3174    0.3474    0.1951   0.09179    0.0231   0.01126
    99/299     26.4G   0.04634   0.01075  0.008271   0.06536       175       640    0.6144    0.3036    0.3455    0.1948   0.09056    0.0213   0.01139
   100/299     26.4G   0.04624   0.01013   0.01662   0.07299       213       640    0.3596    0.3033    0.2858    0.1643   0.09131   0.02182   0.01286
   101/299     26.4G   0.04622   0.01074  0.009923   0.06688       164       640    0.6632    0.2388    0.2993    0.1719   0.09196   0.02606    0.0129
   102/299     26.4G   0.05328   0.01035   0.01258    0.0762       168       640    0.4056    0.4097     0.375    0.2175    0.0895   0.02134   0.01666
   103/299     26.4G   0.04356  0.009976   0.01134   0.06487       140       640    0.5294    0.3619    0.3812     0.222   0.08711   0.02201   0.01334
   104/299     26.4G   0.04331   0.01006  0.007938   0.06131       181       640    0.4357    0.4133    0.4212    0.2394   0.08597    0.0211   0.01202
   105/299     26.4G   0.05353  0.009361  0.009081   0.07197       155       640    0.5564    0.4086    0.4255    0.2453   0.08654   0.02126   0.01143
   106/299     26.4G   0.04747  0.009246  0.009497   0.06621       151       640    0.4038    0.5522    0.4786    0.2686   0.08614   0.01995   0.01064
   107/299     26.4G   0.04463  0.008931  0.009351   0.06292       156       640    0.6646    0.3955    0.4638    0.2706   0.08665   0.01919    0.0111
   108/299     26.4G   0.04296  0.009501   0.00845   0.06091       166       640    0.5798    0.4644    0.4843    0.2837   0.08449   0.01943    0.0109
   109/299     26.4G   0.04541  0.009422  0.008354   0.06318       184       640    0.7587    0.4416    0.5066    0.2804   0.08465   0.01951   0.01121
   110/299     26.4G   0.04742   0.01028   0.01008   0.06778       142       640   0.08043   0.05071   0.00755  0.003395   0.09931    0.0309   0.01791
   111/299     26.4G   0.04605   0.01064  0.009748   0.06644       178       640  0.001761  0.004587 6.587e-05 1.362e-05      0.12   0.02308   0.01448
   112/299     26.4G   0.04376   0.01023   0.01043   0.06443       226       640 0.0004562  0.004587 7.895e-06 1.579e-06    0.1146   0.02852   0.01339
   113/299     26.4G   0.04409   0.01008  0.008498   0.06267       203       640     0.123   0.09225   0.04391    0.0164    0.1023   0.03072    0.0131
   114/299     26.4G   0.04667   0.01073  0.009132   0.06653       173       640    0.1928    0.1746   0.09198   0.04327   0.09738   0.02611   0.01352
   115/299     26.4G   0.05138  0.009444  0.007574    0.0684       175       640    0.3299    0.1934    0.1431    0.0717   0.09562   0.02374   0.01475
   116/299     26.4G   0.04342   0.01054   0.00816   0.06212       205       640    0.3592    0.3173    0.2351    0.1153   0.09217   0.02298   0.01337
   117/299     26.4G   0.04644   0.01025  0.009091   0.06579       173       640    0.5257    0.2848    0.3041    0.1701   0.08948   0.02389   0.01189
   118/299     26.4G   0.04887   0.01024  0.008838   0.06795       180       640    0.5927    0.3895    0.3997    0.2239   0.08758   0.02274   0.01088
   119/299     26.4G   0.04074  0.009891  0.006919   0.05755       181       640     0.444    0.4172     0.384    0.2268   0.08818   0.02203   0.01196
   120/299     26.4G   0.04394    0.0105  0.008124   0.06257       185       640    0.6016    0.4048     0.416    0.2325   0.08738   0.02151    0.0133
   121/299     26.4G   0.04051  0.009836  0.006938   0.05728       169       640    0.5426    0.4372    0.4456    0.2588   0.08624   0.02063   0.01774
   122/299     26.4G   0.04489  0.009159  0.005983   0.06003       157       640    0.6315    0.4001    0.4533    0.2592    0.0863   0.02084   0.01651
   123/299     26.4G   0.04219  0.009964  0.007404   0.05956       205       640     0.522    0.3904    0.4509     0.263   0.08427   0.02085   0.02069
   124/299     26.4G   0.04922   0.01032  0.007606   0.06714       152       640    0.4039     0.295    0.2588    0.1711   0.08628   0.02554   0.04943
   125/299     26.4G    0.0472  0.009388  0.006288   0.06287       164       640    0.4054    0.2305    0.1982    0.1282   0.09084    0.0278   0.04434
   126/299     26.4G   0.04852   0.01068  0.008774   0.06797       191       640    0.5417    0.3159    0.3052    0.1617   0.08755   0.02413   0.02164
   127/299     26.4G   0.04015   0.01012  0.007088   0.05736       210       640    0.5011     0.368    0.3512    0.1915   0.08639   0.02256   0.01683
   128/299     26.4G   0.03959  0.009586  0.008214   0.05739       189       640    0.8422    0.2862    0.4097    0.2406   0.08622   0.02162   0.01417
   129/299     26.4G   0.04194  0.009938  0.007378   0.05926       162       640    0.4252    0.3313    0.3194    0.1669   0.09232   0.02246   0.01604
   130/299     26.4G   0.04875   0.01161  0.008601   0.06897       188       640    0.2864    0.1706    0.1149   0.05452    0.0995   0.02801   0.01517
   131/299     26.4G   0.05496   0.01147    0.0114   0.07783       165       640    0.2536    0.1979    0.1151   0.04806   0.09792   0.03067   0.01733
   132/299     26.4G   0.05155   0.01153   0.00969   0.07277       145       640    0.2684    0.2576    0.1238   0.05109   0.09582   0.02901   0.01485
   133/299     26.4G   0.05613   0.01177  0.009616   0.07752       164       640    0.1375     0.101   0.06248   0.02401    0.1038   0.03291      0.02
   134/299     26.4G   0.05841   0.01135  0.009551   0.07931       138       640    0.1035    0.1059   0.03153    0.0102    0.1012   0.02654   0.01828
   135/299     26.4G   0.05999   0.01222   0.01145   0.08366       186       640   0.06603   0.09646   0.02557  0.009237   0.09948   0.02834   0.01744
   136/299     26.4G   0.06131   0.01208    0.0119   0.08529       218       640   0.06272   0.09606   0.02441   0.01027   0.09661   0.03191   0.01686
   137/299     26.4G    0.0586   0.01238    0.0135   0.08448       158       640   0.05938    0.1148   0.02541   0.01215   0.09639   0.03198   0.01545
   138/299     26.4G   0.05296   0.01216   0.01088     0.076       128       640   0.06909    0.1102    0.0319   0.01446    0.0972    0.0953   0.01959
   139/299     26.4G   0.05363   0.01169   0.01096   0.07628       162       640    0.1456    0.1606   0.07021   0.03135   0.09527   0.03536   0.01586
   140/299     26.4G   0.05516   0.01192   0.01313   0.08021       120       640     0.212    0.2207    0.1099   0.05715   0.09391   0.02617   0.01365
   141/299     26.4G   0.05279   0.01166   0.01269   0.07714       220       640    0.2694    0.2886    0.1916    0.1028   0.09374   0.02479   0.01333
   142/299     26.4G   0.05354   0.01229   0.01308   0.07892       196       640    0.5947    0.1974    0.2216    0.1131   0.09317   0.02531   0.01336
   143/299     26.4G   0.04952   0.01056   0.01171   0.07178       112       640    0.2851    0.2388    0.1114   0.05065   0.09468   0.02555   0.01488
   144/299     26.4G   0.05184   0.01212   0.01345   0.07741       142       640    0.2895    0.2799    0.1574   0.07484   0.09263   0.02441   0.01458
   145/299     26.4G   0.05008   0.01018   0.01279   0.07305       134       640    0.2971    0.3126    0.2373    0.1288   0.09029    0.0225   0.01411
   146/299     26.4G   0.05164   0.01184   0.01244   0.07592       154       640    0.7347    0.2616    0.2791    0.1482   0.08908   0.02265   0.01367
   147/299     26.4G   0.05261    0.0115   0.01204   0.07615       177       640    0.2561    0.3308    0.2305    0.1067    0.0899   0.02365   0.01361
   148/299     26.4G   0.05168   0.01046   0.01143   0.07356       169       640    0.3747    0.2664    0.2523    0.1155   0.08944   0.02362     0.013
   149/299     26.4G    0.0492   0.01145   0.01134   0.07199       190       640      0.41    0.3219    0.3045     0.147   0.08812   0.02341     0.013
   150/299     26.4G   0.04957   0.01118   0.01152   0.07228       195       640    0.4342     0.317     0.279    0.1431   0.08771   0.02331    0.0128
   151/299     26.4G   0.05047   0.01118   0.01139   0.07304       199       640    0.5054    0.2886    0.3097    0.1674   0.08883   0.02214   0.01276
   152/299     26.4G   0.04599   0.01082   0.01086   0.06767       165       640    0.5109    0.2988    0.3385    0.1873   0.08856   0.02233   0.01284
   153/299     26.4G   0.04827   0.01053    0.0108   0.06961       141       640    0.6442    0.3068    0.3777    0.2116   0.08499   0.02398   0.01211
   154/299     26.4G   0.04803   0.01079  0.009835   0.06865       136       640    0.4966    0.3723    0.3649    0.2069   0.08411   0.02378   0.01196
   155/299     26.4G   0.04737   0.01087   0.01135    0.0696       168       640     0.515    0.4083    0.4004    0.2248   0.08488   0.02307   0.01142
   156/299     26.4G   0.05105   0.01026   0.01079    0.0721       152       640     0.361    0.4043    0.3678     0.213   0.08443   0.02326   0.01172
   157/299     26.4G   0.04812   0.01029  0.009749   0.06817       209       640    0.4006    0.4416    0.3973    0.2278   0.08385   0.02319   0.01164
   158/299     26.4G   0.04155   0.01055  0.009657   0.06176       161       640    0.4077    0.4972    0.4275    0.2519   0.08357   0.02269   0.01209
   159/299     26.4G   0.03922   0.01078  0.009366   0.05936       173       640    0.6249    0.3911    0.4377    0.2506   0.08342   0.02232   0.01234
   160/299     26.4G   0.04515   0.01056  0.008505   0.06421       181       640    0.5325    0.4305    0.4517    0.2402   0.08202   0.02265   0.01216
   161/299     26.4G   0.04448   0.01083   0.00922   0.06453       163       640    0.5908    0.4173    0.4629    0.2732   0.08233   0.02246   0.01193
   162/299     26.4G   0.04422   0.01052   0.01009   0.06484       181       640     0.656    0.4604    0.4898    0.2849   0.08246   0.02197   0.01288
   163/299     26.4G   0.04518   0.01041   0.01024   0.06583       181       640    0.6526    0.4949    0.5222    0.2918   0.08145    0.0226   0.01296
   164/299     26.4G   0.04176  0.009637  0.009501    0.0609       150       640    0.7223    0.4276    0.4832    0.2786   0.08126   0.02378   0.01296
   165/299     26.4G   0.04105   0.01125  0.008853   0.06115       115       640    0.6802    0.5177    0.5275    0.3077     0.081   0.02321   0.01302
   166/299     26.4G   0.04877  0.009778  0.007993   0.06654       131       640    0.5986    0.4324     0.459    0.2795    0.0823   0.02407   0.01229
   167/299     26.4G   0.04694   0.01038   0.01001   0.06734       137       640    0.6908    0.4322    0.4563    0.2778   0.08332   0.02301   0.01205
   168/299     26.4G   0.04492   0.01062  0.008649   0.06419       139       640    0.6668     0.428    0.4598    0.2773   0.08386   0.02207   0.01196
   169/299     26.4G   0.03859   0.01068  0.008162   0.05743       148       640    0.6761    0.4188    0.4671    0.2718   0.08314   0.02212   0.01215
   170/299     26.4G    0.0425  0.009575  0.008836   0.06091       175       640    0.6663    0.4925    0.4939    0.2905   0.08126   0.02294   0.01258
   171/299     26.4G   0.04241   0.00985   0.00915   0.06141       134       640    0.6135    0.4925    0.4893    0.2788    0.0808   0.02357   0.01264
   172/299     26.4G   0.04284  0.009882  0.006973    0.0597       216       640    0.6391    0.4281    0.4586    0.2513   0.08209   0.02444   0.01234
   173/299     26.4G   0.04132   0.01015  0.008464   0.05993       139       640    0.7417    0.4359    0.4955    0.2795   0.08198   0.02302    0.0123
   174/299     26.4G   0.04603   0.01006  0.009033   0.06512       225       640    0.5966    0.4841     0.471    0.2655   0.08271   0.02228   0.01203
   175/299     26.4G   0.04471   0.01015  0.007793   0.06266       116       640     0.621    0.4509    0.4938    0.2825   0.08329   0.02183   0.01201
   176/299     26.4G   0.04033  0.009444  0.007035   0.05681       186       640    0.8007    0.3998    0.5096    0.2877   0.08321    0.0217    0.0126
   177/299     26.4G   0.04201   0.01077  0.007002   0.05978       216       640    0.6956     0.449    0.5202    0.2961   0.08194   0.02155   0.01217
   178/299     26.4G   0.04045   0.01007  0.006797   0.05732       157       640    0.7391    0.4555    0.5217     0.299    0.0805   0.02236   0.01268
   179/299     26.4G   0.04183  0.009252  0.006571   0.05765       126       640    0.5973    0.5474    0.5339    0.2986   0.08051   0.02265   0.01299
   180/299     26.4G   0.04308  0.009775  0.008163   0.06102       154       640    0.6759    0.5155    0.5302    0.3021   0.08064   0.02238    0.0134
   181/299     26.4G   0.04121   0.01089  0.007044   0.05915       125       640    0.7296    0.4787      0.53    0.3089   0.08112   0.02211   0.01352
   182/299     26.4G   0.03931  0.009752  0.006769   0.05583       180       640    0.5449    0.5293    0.5182    0.3107    0.0819   0.02178   0.01329
   183/299     26.4G   0.04319  0.009686  0.008835   0.06172       192       640    0.5447    0.5235    0.5216    0.3119   0.08175    0.0218   0.01321
   184/299     26.4G   0.04343  0.009584  0.007756   0.06077       166       640    0.7057    0.4786    0.5346    0.3161   0.08079   0.02193   0.01331
   185/299     26.4G   0.04203   0.01001  0.007046   0.05909       164       640    0.5463    0.5571    0.5305    0.3082    0.0801   0.02186   0.01304
   186/299     26.4G   0.04569  0.009946  0.008171   0.06381       178       640    0.6535    0.5064    0.5455    0.3191   0.07984   0.02225   0.01303
   187/299     26.4G   0.04397   0.01023  0.009424   0.06362       201       640     0.656    0.4785    0.5328    0.3071   0.08064   0.02187   0.01372
   188/299     26.4G   0.04025   0.01042  0.007679   0.05835       221       640    0.6648    0.4786    0.5312    0.3117   0.08091   0.02188   0.01284
   189/299     26.4G   0.04281  0.009661  0.008448   0.06092       165       640    0.7287    0.4643    0.5155    0.3042   0.08107   0.02224   0.01253
   190/299     26.4G   0.04219  0.009406  0.006479   0.05807       181       640    0.7498    0.4737     0.516    0.2969   0.08148   0.02225   0.01224
   191/299     26.4G   0.04359  0.008957  0.005645   0.05819       189       640    0.7785    0.4647    0.5248    0.2991   0.08194   0.02204   0.01215
   192/299     26.4G   0.03693  0.009205  0.007109   0.05325       177       640    0.7189    0.4973    0.5385    0.3037   0.08103   0.02229   0.01203
   193/299     26.4G   0.04064  0.009019  0.007322   0.05698       174       640    0.7506    0.4878    0.5426    0.3188   0.08066   0.02247   0.01163
   194/299     26.4G   0.04281  0.009839  0.007018   0.05967       187       640    0.6984     0.511    0.5579    0.3261   0.08096   0.02228   0.01186
   195/299     26.4G   0.04092  0.009329  0.007883   0.05813       179       640    0.7741    0.4741    0.5538    0.3112   0.08186   0.02202   0.01189
   196/299     26.4G   0.03717  0.008992  0.007713   0.05387       140       640    0.6816    0.4814    0.5202    0.2861   0.08219   0.02292   0.01256
   197/299     26.4G   0.04178  0.009451  0.007734   0.05896       196       640    0.7981    0.4232    0.4969    0.2991   0.08077   0.02343   0.01312
   198/299     26.4G   0.04229   0.01003  0.006957   0.05927       210       640    0.6937    0.4417    0.4935    0.2799   0.08161   0.02248    0.0135
   199/299     26.4G   0.04332  0.009915  0.006376   0.05961       198       640    0.7361    0.4186    0.5026    0.2855   0.08147   0.02195    0.0132
   200/299     26.4G   0.04333  0.009757  0.006199   0.05929       128       640    0.4986    0.5608    0.5134     0.292   0.08083   0.02206    0.0127
   201/299     26.4G   0.04075   0.00936  0.005871   0.05598       182       640    0.6075    0.5097    0.5279     0.312   0.08012   0.02201   0.01226
   202/299     26.4G   0.04053  0.009594  0.006733   0.05686       197       640     0.772    0.4601    0.5334    0.3063   0.08055   0.02155   0.01237
   203/299     26.4G   0.04718  0.009496  0.006179   0.06286       108       640    0.7057    0.4557    0.5146    0.3012   0.08071   0.02169   0.01335
   204/299     26.4G    0.0432   0.01042  0.005934   0.05956       150       640    0.6315    0.4051    0.4466    0.2419   0.08204   0.02184    0.0138
   205/299     26.4G   0.04506   0.01028  0.007156   0.06249       146       640    0.6182    0.4419    0.4776    0.2547   0.08282   0.02182   0.01342
   206/299     26.4G   0.04563  0.009191   0.00727    0.0621       151       640    0.7354    0.3908    0.4824    0.2631   0.08275   0.02214   0.01277
   207/299     26.4G   0.04352   0.01011  0.006603   0.06023       202       640    0.7374    0.4272    0.5211    0.2934   0.08248   0.02211   0.01241
   208/299     26.4G   0.04423  0.009665  0.006019   0.05992       193       640    0.6207     0.511    0.5175    0.2981   0.08311    0.0216   0.01231
   209/299     26.4G   0.04284   0.00904  0.007847   0.05973       122       640    0.6634    0.4857     0.512    0.2929   0.08274   0.02147   0.01263
   210/299     26.4G   0.04028  0.009169  0.006725   0.05617       129       640    0.6365    0.4832     0.524    0.3019   0.08217   0.02166   0.01293
   211/299     26.4G   0.04033  0.008847  0.005978   0.05516       180       640    0.5969    0.5288    0.5347    0.3088   0.08272   0.02153     0.013
   212/299     26.4G   0.04051  0.008911   0.00582   0.05524       113       640    0.5974    0.5203     0.523    0.3157   0.08263   0.02149   0.01309
   213/299     26.4G   0.04205  0.009328  0.008035   0.05941       182       640    0.6431    0.5164    0.5348    0.3198   0.08177   0.02133   0.01312
   214/299     26.4G   0.04281   0.00902  0.005705   0.05753       104       640    0.5545     0.548    0.5356    0.3063   0.08223   0.02081   0.01351
   215/299     26.4G   0.04255  0.009124  0.006981   0.05865       171       640    0.5764    0.5204    0.5343    0.3168   0.08253   0.02089   0.01329
   216/299     26.4G   0.03928  0.009073  0.006609   0.05496       191       640    0.6036    0.5065    0.5337    0.3297    0.0819   0.02111   0.01327
   217/299     26.4G   0.03718  0.009248  0.005362   0.05179       195       640    0.6136     0.525    0.5436    0.3336   0.08133   0.02085   0.01346
   218/299     26.4G   0.03653  0.009035  0.005817   0.05139       138       640    0.5957    0.5387    0.5383    0.3273    0.0808   0.02089   0.01376
   219/299     26.4G   0.03456  0.008845  0.005274   0.04868       176       640    0.6349     0.557    0.5406     0.331   0.08081   0.02097   0.01324
   220/299     26.4G   0.03796  0.009022  0.004819    0.0518       181       640    0.5435    0.6119    0.5522    0.3442   0.08101   0.02085    0.0131
   221/299     26.4G   0.03626   0.00899  0.006344   0.05159       192       640    0.6497    0.5109    0.5479    0.3413   0.08137   0.02081   0.01363
   222/299     26.4G   0.03633  0.009077  0.006534   0.05194       202       640    0.5976    0.5344    0.5352    0.3154   0.08201   0.02071   0.01505
   223/299     26.4G   0.03687  0.008702  0.005809   0.05138       165       640    0.5524    0.5377     0.523    0.3214   0.08218   0.02051    0.0152
   224/299     26.4G   0.03924  0.009019  0.004956   0.05321       185       640    0.6349    0.4187     0.465    0.2904   0.08361   0.02134   0.01321
   225/299     26.4G    0.0421  0.009623  0.006582   0.05831       204       640    0.6963    0.3727    0.4217    0.2535   0.08529   0.02227   0.01317
   226/299     26.4G   0.04209  0.009331   0.00516   0.05658       135       640    0.6677    0.3591     0.412    0.2484   0.08472   0.02227   0.01406
   227/299     26.4G   0.03741  0.009467  0.005382   0.05225       182       640    0.6363    0.3863    0.4392    0.2657   0.08365   0.02169   0.01407
   228/299     26.4G   0.03561  0.009241  0.004932   0.04978       162       640    0.5438    0.4366    0.4761    0.2871   0.08213   0.02147   0.01353
   229/299     26.4G   0.03654  0.009011  0.004593   0.05014       147       640     0.544    0.4688    0.4873    0.2927   0.08186   0.02159   0.01315
   230/299     26.4G   0.04603  0.008541  0.005992   0.06057       156       640    0.5853    0.4553    0.5016    0.3052   0.08208   0.02146   0.01299
   231/299     26.4G   0.04037  0.009165  0.005995   0.05553       182       640    0.6823    0.4188    0.5119    0.3165   0.08197   0.02136    0.0132
   232/299     26.4G   0.04096  0.008781  0.006837   0.05657       164       640     0.691    0.4648    0.5199    0.3195   0.08174   0.02153   0.01291
   233/299     26.4G   0.03988  0.009271  0.006932   0.05608       205       640    0.8355    0.4484    0.5472     0.343   0.08159   0.02128   0.01288
   234/299     26.4G   0.04133  0.009068   0.00778   0.05818       140       640    0.6589     0.465    0.5375    0.3324    0.0818   0.02118   0.01485
   235/299     26.4G   0.03773  0.009487  0.005145   0.05236       130       640    0.6384    0.5017    0.5373    0.3211   0.08195   0.02143   0.01471
   236/299     26.4G   0.04171  0.008432  0.008118   0.05826       157       640    0.6918    0.4786    0.5562    0.3433   0.08214   0.02121   0.01465
   237/299     26.4G   0.03705  0.008903  0.004847    0.0508       185       640    0.6847    0.5017     0.557     0.326     0.083   0.02103   0.01543
   238/299     26.4G   0.03916  0.009141  0.006733   0.05503       173       640    0.6478     0.465    0.5385    0.3041   0.08369   0.02112   0.01566
   239/299     26.4G   0.04169  0.009507  0.005807     0.057       182       640    0.4844    0.5753    0.5202     0.292   0.08385   0.02084   0.01568
   240/299     26.4G   0.03858   0.00929  0.005967   0.05384       179       640    0.4539    0.6081    0.5157    0.2963   0.08357   0.02075   0.01438
   241/299     26.4G   0.04121    0.0101  0.007629   0.05894       201       640    0.5713    0.5425    0.5493    0.3206   0.08239   0.02087   0.01354
   242/299     26.4G   0.04196   0.00949  0.006251   0.05771       168       640    0.6205    0.4971    0.5659    0.3391   0.08178   0.02119    0.0128
   243/299     26.4G   0.03931      0.01  0.006284    0.0556       208       640    0.6326    0.5108    0.5512    0.3393   0.08159   0.02118   0.01235
   244/299     26.4G   0.04205  0.009522   0.00611   0.05768       181       640    0.6008    0.5034    0.5268    0.3284   0.08112   0.02126   0.01198
   245/299     26.4G   0.03907  0.008327  0.004957   0.05236       166       640    0.6234    0.5164    0.5316    0.3302   0.08133   0.02103   0.01177
   246/299     26.4G   0.03713  0.008419  0.005134   0.05069       151       640    0.7301    0.4693    0.5508    0.3315   0.08144   0.02107   0.01149
   247/299     26.4G   0.03866  0.009056  0.006103   0.05382       175       640    0.6225    0.5474    0.5688    0.3477   0.08115   0.02085   0.01098
   248/299     26.4G   0.04105  0.009249  0.005991   0.05629       167       640     0.678    0.5385    0.5895    0.3538   0.08052   0.02099   0.01052
   249/299     26.4G      0.04  0.008295  0.004493   0.05279       197       640    0.7195    0.5126    0.5955     0.361   0.08035   0.02125    0.0106
   250/299     26.4G   0.03785  0.009155  0.005774   0.05278       154       640    0.7536    0.5157    0.5855     0.355   0.08068    0.0214   0.01137
   251/299     26.4G    0.0385  0.008576  0.004575   0.05165       147       640    0.6319    0.5664    0.5955    0.3528   0.08063   0.02138   0.01169
   252/299     26.4G   0.03852  0.008577  0.005909     0.053       200       640    0.6712    0.5247    0.5867    0.3603   0.08063   0.02157   0.01167
   253/299     26.4G   0.03792  0.008461  0.004504   0.05089       139       640    0.5423    0.5939    0.5683    0.3476   0.08084   0.02159   0.01181
   254/299     26.4G   0.03774  0.009207  0.005199   0.05215       167       640    0.5588    0.5661    0.5549    0.3408    0.0811   0.02138   0.01236
   255/299     26.4G   0.03649  0.008303  0.004094   0.04889       188       640    0.6329    0.5801    0.5797    0.3514   0.08096   0.02127   0.01251
   256/299     26.4G   0.03761  0.008835  0.005475   0.05192       167       640    0.6942    0.5387    0.5896    0.3554   0.08043   0.02127   0.01263
   257/299     26.4G   0.03992  0.009004  0.004952   0.05388       135       640    0.6432    0.5663    0.5884    0.3691   0.07974   0.02141    0.0123
   258/299     26.4G   0.03726  0.008692  0.006365   0.05232       206       640    0.6467    0.5203    0.5739    0.3553   0.07976   0.02144   0.01226
   259/299     26.4G   0.04129  0.008921  0.004596   0.05481       174       640    0.6584     0.488    0.5622    0.3436   0.07984   0.02149   0.01261
   260/299     26.4G   0.03572  0.008613  0.005603   0.04994       143       640    0.7126    0.4969     0.568    0.3393   0.07933   0.02161   0.01267
   261/299     26.4G   0.03544  0.008552  0.004885   0.04887       153       640    0.6678      0.52    0.5705    0.3514   0.07875   0.02177   0.01267
   262/299     26.4G   0.03685  0.008242  0.003612    0.0487       139       640    0.7294    0.5059    0.5912    0.3672   0.07858   0.02198   0.01263
   263/299     26.4G   0.03724  0.008827  0.005557   0.05163       162       640    0.6647    0.5206    0.5834    0.3615   0.07825   0.02204    0.0129
   264/299     26.4G   0.03744  0.009049  0.006583   0.05307       209       640    0.6677    0.5374     0.573    0.3519   0.07842   0.02204   0.01301
   265/299     26.4G   0.03719  0.009202  0.004409    0.0508       218       640    0.6332    0.5189    0.5702    0.3546   0.07856   0.02196   0.01274
   266/299     26.4G   0.03943  0.008891  0.004718   0.05303       160       640    0.5647    0.5708     0.558    0.3518   0.07863    0.0219   0.01236
   267/299     26.4G   0.03566  0.008472   0.00428   0.04842       171       640    0.6971    0.5247    0.5621    0.3514   0.07866   0.02184   0.01238
   268/299     26.4G   0.03877  0.009175   0.00466   0.05261       200       640    0.7393    0.4832    0.5584    0.3465   0.07915   0.02181   0.01234
   269/299     26.4G   0.03733  0.008626  0.003992   0.04994       153       640    0.5471    0.5788    0.5705    0.3476    0.0795   0.02163   0.01204
   270/299     26.4G   0.03612  0.009006  0.005267    0.0504       205       640    0.7644    0.4278    0.5368    0.3296   0.07953   0.02142   0.01277
   271/299     26.4G   0.03712  0.008863  0.005884   0.05187       164       640    0.5929    0.5113    0.5386    0.3317   0.07933   0.02138   0.01321
   272/299     26.4G   0.03431  0.009088  0.003811   0.04721       176       640    0.7618    0.4187    0.5392    0.3311   0.07936   0.02154   0.01296
   273/299     26.4G   0.03813  0.009012  0.004642   0.05179       191       640    0.4921    0.5939    0.5466    0.3428   0.07919   0.02176   0.01241
   274/299     26.4G   0.04093  0.008305  0.004959    0.0542       115       640    0.5947    0.5293    0.5654    0.3568   0.07905   0.02185   0.01203
   275/299     26.4G   0.03396  0.008242  0.004464   0.04666       173       640    0.7353    0.4693    0.5688    0.3447   0.07941   0.02191   0.01177
   276/299     26.4G   0.03525  0.009369  0.004561   0.04918       204       640    0.6717    0.5194    0.5685    0.3459   0.07955   0.02171   0.01138
   277/299     26.4G   0.03659  0.008081  0.004645   0.04931       198       640    0.6098     0.564    0.5819     0.349   0.07944   0.02154   0.01119
   278/299     26.4G     0.033  0.007837  0.003028   0.04387       166       640    0.6328    0.6031    0.5891    0.3529   0.07943   0.02163   0.01135
   279/299     26.4G   0.03504  0.008115  0.003748   0.04691       181       640    0.6604    0.6079    0.5906    0.3476   0.07949   0.02149   0.01175
   280/299     26.4G   0.04003  0.007981  0.004087    0.0521       181       640    0.6296    0.6057    0.5798      0.35   0.07925   0.02151   0.01203
   281/299     26.4G   0.03687  0.008144  0.004408   0.04942       142       640    0.6208    0.6033     0.576    0.3493   0.07898   0.02163   0.01209
   282/299     26.4G   0.03641  0.009096  0.003376   0.04888       177       640    0.6655    0.5324    0.5644    0.3398   0.07925   0.02145   0.01248
   283/299     26.4G   0.03777  0.008565  0.003576   0.04991       158       640    0.6533    0.5308    0.5588    0.3393   0.07942   0.02121   0.01279
   284/299     26.4G   0.03816  0.008387  0.004089   0.05063       183       640    0.6352    0.5473    0.5786     0.344   0.07912   0.02123   0.01233
   285/299     26.4G   0.03865  0.008074  0.004333   0.05105       141       640     0.831     0.487     0.609    0.3623   0.07871   0.02137   0.01182
   286/299     26.4G   0.03622  0.008289   0.00339    0.0479       167       640    0.6701    0.5663     0.608    0.3664   0.07838    0.0214   0.01159
   287/299     26.4G   0.03531  0.008597  0.003494    0.0474       144       640    0.6338    0.5982    0.6151    0.3656   0.07845   0.02128    0.0114
   288/299     26.4G   0.03758    0.0087  0.005762   0.05204       198       640    0.5618    0.6354    0.6214    0.3655   0.07874   0.02108   0.01133
   289/299     26.4G   0.03862  0.008404  0.003808   0.05083       148       640    0.8167    0.4831    0.6183    0.3708   0.07905   0.02092   0.01125
   290/299     26.4G   0.03494  0.008237  0.005091   0.04827       136       640    0.6471    0.5615    0.6218    0.3801   0.07876   0.02087   0.01123
   291/299     26.4G   0.03574  0.008453  0.005648   0.04984       219       640    0.6954    0.5613    0.6192    0.3805   0.07861   0.02084   0.01133
   292/299     26.4G   0.03163  0.008255   0.00331   0.04319       159       640    0.6201    0.6197    0.6167    0.3782   0.07866   0.02099   0.01145
   293/299     26.4G   0.03545  0.008604   0.00362   0.04767       194       640    0.6789    0.5339    0.5977    0.3706   0.07865    0.0211   0.01146
   294/299     26.4G   0.03715   0.00832  0.003646   0.04911       191       640    0.7002    0.5431     0.597    0.3822   0.07876     0.021   0.01202
   295/299     26.4G   0.03573  0.008474  0.004968   0.04917       231       640    0.7153     0.543    0.5996    0.3751   0.07908   0.02108   0.01228
   296/299     26.4G   0.03521  0.008107  0.003128   0.04644       117       640    0.6577     0.557    0.6034    0.3734   0.07899   0.02127    0.0124
   297/299     26.4G   0.03687  0.008379  0.003193   0.04844       160       640    0.5788    0.6256    0.6068    0.3642   0.07926    0.0213   0.01247
   298/299     26.4G   0.03522  0.009161  0.005002   0.04939       195       640    0.6008    0.6124    0.6093    0.3569   0.07977   0.02121   0.01252
   299/299     26.4G   0.03787   0.00845  0.004868   0.05119       126       640    0.6465    0.5915    0.6017     0.354    0.0795   0.02117   0.01261
