     0/299     4.41G   0.08674   0.01767   0.01757     0.122       140       640  0.002359   0.02752 0.0004086 7.029e-05    0.1208   0.02291   0.01904
     1/299     24.8G   0.08353   0.01553   0.01695     0.116       138       640  0.002924     0.092 0.0008478 0.0001533    0.1189   0.02175   0.01845
     2/299     26.3G   0.08239    0.0145    0.0162    0.1131       195       640  0.003729    0.1149  0.001376 0.0002495    0.1166   0.02151   0.01791
     3/299     26.3G   0.08066   0.01303   0.01581    0.1095       122       640  0.006455   0.07339  0.002404 0.0004216    0.1144   0.02159   0.01736
     4/299     26.3G   0.07897   0.01256   0.01535    0.1069       160       640   0.00807   0.06881  0.003281 0.0006919    0.1117   0.02201   0.01688
     5/299     26.3G   0.07769   0.01277   0.01515    0.1056       207       640   0.01153   0.08728  0.005421   0.00109    0.1081   0.02293   0.01647
     6/299     26.3G   0.07577   0.01246   0.01456    0.1028       245       640   0.01435    0.1239  0.007442  0.001431     0.106   0.02335   0.01603
     7/299     26.3G   0.07346   0.01241   0.01404   0.09992       135       640   0.02198    0.1654   0.01165  0.002707    0.1038   0.02395   0.01569
     8/299     26.3G   0.07186   0.01301   0.01384   0.09871       213       640   0.02175    0.2203   0.01461  0.003562    0.1014   0.02461   0.01534
     9/299     26.3G   0.06949   0.01266   0.01338   0.09552       144       640   0.03061    0.1651   0.01937  0.004752   0.09922   0.02517   0.01504
    10/299     26.3G   0.06693   0.01276   0.01331     0.093       142       640      0.04    0.1987   0.02764  0.007868   0.09708   0.02576   0.01482
    11/299     26.3G   0.06647   0.01329   0.01266   0.09242       189       640   0.05766    0.1789   0.03941   0.01038   0.09491   0.02624    0.0146
    12/299     26.3G   0.06489   0.01349    0.0129   0.09128       180       640   0.07551    0.2157   0.05602   0.01452   0.09264   0.02676   0.01452
    13/299     26.3G   0.06133   0.01335   0.01229   0.08697       163       640   0.07915    0.2523    0.0751   0.02219   0.09033   0.02729   0.01447
    14/299     26.3G    0.0597   0.01411    0.0124   0.08621       161       640    0.1064    0.3578    0.1076   0.03378   0.08855   0.02754   0.01431
    15/299     26.3G   0.05746   0.01447    0.0122   0.08413       159       640    0.1502    0.3486    0.1585   0.05671   0.08618   0.02787   0.01418
    16/299     26.3G   0.05575   0.01465   0.01272   0.08312       109       640    0.1966    0.2844    0.1922   0.08161   0.08432   0.02779   0.01414
    17/299     26.3G   0.05404   0.01408   0.01188      0.08       139       640     0.279    0.2895    0.2289    0.1048   0.08241   0.02771   0.01401
    18/299     26.3G    0.0536   0.01464   0.01208   0.08033       197       640    0.4518    0.2975     0.258    0.1256   0.08012   0.02756   0.01386
    19/299     26.3G   0.05232   0.01429   0.01179    0.0784       162       640     0.286    0.4132    0.2855    0.1444   0.07851   0.02713   0.01379
    20/299     26.3G   0.05044   0.01377   0.01201   0.07623       168       640    0.3168    0.4456    0.3112    0.1611   0.07659   0.02674   0.01378
    21/299     26.3G   0.05047    0.0135   0.01211   0.07608       158       640    0.3105    0.4271    0.3285    0.1495   0.07659   0.02573   0.01372
    22/299     26.3G   0.04945   0.01417   0.01196   0.07558       167       640    0.2717     0.524    0.3528    0.1885   0.07584   0.02497   0.01367
    23/299     26.3G   0.04798   0.01296   0.01264   0.07358       174       640    0.6069    0.4316    0.3734    0.1995   0.07373   0.02467   0.01362
    24/299     26.3G   0.04775   0.01156   0.01179    0.0711       132       640    0.3273    0.5476    0.4016    0.2132   0.07373   0.02371   0.01363
    25/299     26.3G   0.04707   0.01179   0.01193   0.07079       157       640    0.3043    0.5654       0.4    0.1796   0.07476   0.02304   0.01353
    26/299     26.3G   0.04623   0.01233   0.01226   0.07083       135       640     0.461    0.5145    0.4206    0.1847   0.07415   0.02271   0.01355
    27/299     26.3G   0.04692   0.01161   0.01234   0.07088       229       640     0.453    0.5561    0.4503    0.2531   0.07183   0.02243   0.01365
    28/299     26.3G   0.04546   0.01112   0.01211    0.0687       160       640    0.3662    0.6036    0.4504    0.2667   0.07095   0.02243   0.01364
    29/299     26.3G   0.04581   0.01106   0.01246   0.06933       183       640     0.379    0.5515    0.4395    0.2585   0.07292   0.02184   0.01378
    30/299     26.3G   0.04382   0.01026   0.01121    0.0653       141       640    0.3744    0.5515    0.4441    0.2295    0.0742   0.02116   0.01379
    31/299     26.3G   0.04475   0.01018   0.01218   0.06711       155       640    0.4149    0.5422    0.4688    0.2683    0.0739   0.02091   0.01376
    32/299     26.3G   0.04456   0.01107    0.0121   0.06772       194       640    0.4564    0.5283    0.4744    0.2614   0.07332   0.02065   0.01379
    33/299     26.3G   0.04432   0.01069   0.01232   0.06734       166       640    0.3859      0.57    0.4744    0.2937   0.07251   0.02053   0.01392
    34/299     26.3G   0.04396   0.01015   0.01319    0.0673       157       640    0.3656    0.5514    0.4602    0.2574   0.07042   0.02078   0.01408
    35/299     26.3G   0.04477   0.01038   0.01248   0.06763       197       640    0.3974    0.5514    0.4842    0.2794    0.0685   0.02099   0.01437
    36/299     26.3G   0.04276   0.01019   0.01202   0.06497       171       640    0.4704    0.5514    0.4929    0.2945    0.0656   0.02115   0.01442
    37/299     26.3G   0.04197  0.009746   0.01243   0.06414       127       640    0.4558     0.542    0.4959    0.2969   0.06568   0.02093   0.01474
    38/299     26.3G   0.04283   0.01025   0.01171   0.06479       146       640     0.462    0.5466     0.486    0.2585   0.06807    0.0202   0.01479
    39/299     26.3G   0.04236  0.009168   0.01187    0.0634       147       640    0.4054    0.5466     0.484    0.2924   0.06816   0.01994     0.015
    40/299     26.3G   0.04245  0.009526   0.01169   0.06367       147       640    0.3477    0.5466    0.4653    0.2507   0.06894   0.01977   0.01478
    41/299     26.3G   0.04045  0.009946   0.01066   0.06106       189       640    0.3493    0.5605    0.4933    0.3051   0.06558   0.02015   0.01494
    42/299     26.3G   0.04254      0.01   0.01147   0.06402       174       640    0.3824    0.5883    0.5087    0.3006   0.06588   0.01985   0.01501
    43/299     26.3G   0.04187  0.009161   0.01094   0.06197       175       640    0.4219    0.5375    0.4967    0.2916   0.06752   0.01978   0.01512
    44/299     26.3G   0.03952  0.009202   0.01076   0.05949       141       640    0.3671     0.579    0.4893    0.3199   0.06362   0.02005   0.01537
    45/299     26.3G   0.04069  0.009314   0.01061   0.06062       173       640    0.3292    0.5871    0.4824    0.3013   0.06452   0.01961   0.01576
    46/299     26.3G   0.04008  0.009481   0.01119   0.06075       175       640    0.3445     0.579    0.4786     0.303   0.06443   0.01947    0.0161
    47/299     26.3G   0.03972  0.009603  0.009825   0.05915       176       640    0.3537    0.5883    0.4785    0.3024   0.06286   0.01977   0.01669
    48/299     26.3G   0.03963  0.009406   0.01078   0.05981       148       640    0.3476    0.6716    0.4885    0.2809   0.06361   0.01918   0.01668
    49/299     26.3G   0.03826  0.009434   0.01023   0.05793       141       640    0.3721    0.6762    0.5007    0.3272   0.06274   0.01932   0.01704
    50/299     26.3G    0.0393  0.009018  0.009803   0.05813       142       640    0.3534    0.6439    0.4908    0.3163   0.06353   0.01938    0.0162
    51/299     26.3G   0.03922  0.009213    0.0101   0.05853       210       640    0.3658    0.7411    0.4954    0.3111   0.06274   0.01939   0.01643
    52/299     26.3G   0.03751   0.00909   0.01017   0.05677       157       640    0.3682     0.755    0.4964     0.322   0.06311   0.01918   0.01658
    53/299     26.3G   0.03836  0.008691  0.009526   0.05658       153       640    0.3973    0.6115    0.4939    0.2964   0.06307   0.01923   0.01648
    54/299     26.3G   0.03763  0.008512  0.009702   0.05585       154       640    0.3954    0.6243    0.5186    0.3043   0.06394    0.0187   0.01645
    55/299     26.3G   0.03925   0.00861  0.009846   0.05771       167       640    0.3079    0.5003    0.3881    0.1214   0.07029   0.01899    0.0161
    56/299     26.4G     0.051   0.00789  0.009679   0.06857       119       640    0.2525    0.5144    0.3149    0.1068   0.07906   0.01821   0.01559
    57/299     26.4G   0.04995  0.008087   0.01006    0.0681       171       640    0.2252    0.4959    0.2721   0.06995   0.07957   0.01903   0.01475
    58/299     26.4G   0.04371  0.009412   0.01069   0.06381       170       640    0.2846      0.57    0.4323    0.2203   0.06989   0.02083   0.01336
    59/299     26.4G   0.04238  0.009041   0.01038    0.0618       153       640    0.3995     0.593    0.4606     0.235   0.06722   0.02096   0.01263
    60/299     26.4G   0.04119   0.01062   0.01138   0.06318       174       640    0.3849    0.6089    0.4288    0.2266    0.0671   0.02045   0.01252
    61/299     26.4G   0.04029  0.008966  0.009729   0.05898       163       640    0.4883    0.5561    0.4866    0.2883   0.06499   0.02054   0.01292
    62/299     26.4G   0.03983  0.009297  0.009425   0.05855       168       640    0.4115    0.6439    0.5188    0.3166   0.06381   0.02033   0.01338
    63/299     26.4G   0.03912  0.008394  0.008704   0.05621       190       640     0.462    0.5836     0.521    0.2903   0.06469   0.02006   0.01287
    64/299     26.4G    0.0386  0.009023  0.009102   0.05673       153       640    0.4249    0.5942    0.5289    0.3368   0.06158   0.02047   0.01261
    65/299     26.4G   0.04062  0.009239  0.008968   0.05883       188       640    0.4486    0.5605    0.4957    0.2652    0.0643   0.01994   0.01259
    66/299     26.4G   0.03993  0.008557  0.008751   0.05724       153       640    0.4954    0.5514    0.5296    0.3164   0.06251   0.02015   0.01314
    67/299     26.4G   0.03922   0.00843  0.008173   0.05582       146       640    0.4635    0.5976    0.5384    0.3317   0.05939   0.02094   0.01339
    68/299     26.4G   0.03753  0.009353  0.008166   0.05505       205       640      0.39    0.6419      0.52    0.3476   0.05994   0.02087   0.01322
    69/299     26.4G   0.03778  0.008957  0.008704   0.05544       172       640     0.412    0.6983    0.5555    0.3181   0.06018   0.02074   0.01319
    70/299     26.4G   0.03702  0.008131   0.00741   0.05256       172       640    0.4046    0.7179    0.5598    0.3419   0.06067   0.02039    0.0136
    71/299     26.4G   0.03667  0.008922  0.007046   0.05264       182       640    0.4637    0.6986    0.5824    0.3526    0.0604   0.02035    0.0133
    72/299     26.4G    0.0348  0.008837  0.007084   0.05073       154       640    0.5299    0.6242    0.6094    0.3941   0.05889   0.02029   0.01293
    73/299     26.4G   0.03768  0.008193  0.007528    0.0534       121       640    0.5346    0.6066    0.6196     0.412   0.05927    0.0203   0.01304
    74/299     26.4G   0.03563  0.009249  0.007175   0.05205       186       640    0.5516    0.6659    0.6532    0.4386   0.05633   0.02069   0.01261
    75/299     26.4G   0.03686  0.008731  0.007225   0.05281       191       640    0.5231    0.7223    0.6521      0.43   0.05538    0.0211   0.01194
    76/299     26.4G   0.03675  0.008782  0.006582   0.05211       217       640    0.5897    0.7226     0.657    0.4252    0.0557   0.02123   0.01157
    77/299     26.4G   0.03527  0.008304  0.006469   0.05005       180       640    0.5379    0.7504    0.6659    0.4305   0.05496   0.02139    0.0113
    78/299     26.4G   0.03552   0.00861  0.006773    0.0509       181       640    0.7694    0.6208    0.6984    0.4619   0.05569    0.0214   0.01131
    79/299     26.4G   0.03402  0.008237  0.005782   0.04804       130       640     0.694    0.6764    0.7086    0.4707   0.05462   0.02133   0.01168
    80/299     26.4G   0.03448   0.00852  0.005783   0.04879       151       640    0.7924     0.643    0.7199    0.4657   0.05669   0.02063   0.01056
    81/299     26.4G   0.03475  0.007976   0.00584   0.04856       199       640    0.6589    0.6902    0.7079    0.4505   0.05783   0.02049   0.01043
    82/299     26.4G   0.03321  0.008423  0.005455   0.04709       151       640     0.774     0.607    0.6962    0.4303   0.05911   0.02039    0.0109
    83/299     26.4G    0.0345  0.008071  0.005488   0.04806       134       640    0.6516    0.7174    0.7029    0.4144   0.05796   0.02057   0.01123
    84/299     26.4G   0.03324    0.0089  0.005639   0.04778       169       640    0.7375    0.7037    0.7286    0.4746   0.05434   0.02105   0.01122
    85/299     26.4G   0.03659  0.008405  0.006601    0.0516       144       640    0.8015    0.6915    0.7432    0.4658   0.05783   0.02063   0.01122
    86/299     26.4G   0.03448  0.008852  0.005977   0.04931       136       640    0.8495    0.6714    0.7386    0.4373   0.05993   0.02005   0.01015
    87/299     26.4G   0.03468  0.008434  0.005272   0.04839       181       640    0.8077    0.6219    0.7027    0.4388   0.06184   0.01945  0.009923
    88/299     26.4G     0.035  0.007926  0.005285   0.04821       168       640    0.6559    0.7504    0.6926     0.457   0.06183   0.01908  0.009698
    89/299     26.4G   0.03461  0.007864  0.005064   0.04754       179       640    0.6929    0.7458    0.7048    0.4217   0.06373   0.01913  0.009632
    90/299     26.4G   0.03614  0.008066  0.005192    0.0494       188       640    0.7545    0.7593    0.7641    0.4689   0.06359   0.01928  0.009346
    91/299     26.4G   0.03448  0.008171  0.005305   0.04796       144       640    0.7853    0.7042    0.7552    0.4771   0.06019   0.01987  0.008817
    92/299     26.4G   0.03303  0.007687  0.004956   0.04567       125       640    0.7961    0.6395    0.7033    0.4763   0.05919   0.02002  0.008928
    93/299     26.4G   0.03296  0.008052  0.005243   0.04626       177       640    0.8091    0.6601    0.7321    0.4896   0.06032    0.0198  0.009557
    94/299     26.4G   0.03385  0.007648  0.004879   0.04638       198       640    0.7157    0.7412      0.73     0.469   0.06216   0.01936   0.01054
    95/299     26.4G   0.03405  0.007996  0.004779   0.04682       122       640    0.8238    0.6255    0.6985    0.4609   0.06247   0.01933  0.009578
    96/299     26.4G   0.03375  0.007734  0.004466   0.04595       158       640    0.8151    0.6487    0.7218    0.4791   0.05994   0.01972  0.008891
    97/299     26.4G   0.03425   0.00766  0.004416   0.04632       190       640    0.7871    0.7171    0.7588    0.5068   0.06003   0.01987  0.008721
    98/299     26.4G   0.03303  0.007135  0.004274   0.04444       140       640    0.7889    0.7676    0.7706     0.467   0.05941   0.01998  0.009069
    99/299     26.4G   0.03404  0.008088  0.004138   0.04627       175       640    0.8575    0.7111    0.7642    0.5092   0.05874   0.01985  0.009275
   100/299     26.4G   0.03469  0.007368  0.004981   0.04704       213       640     0.803    0.7366    0.7571    0.5191   0.06026   0.01943  0.008862
   101/299     26.4G    0.0332  0.007623  0.004556   0.04538       164       640    0.8305    0.7455    0.7827    0.5061   0.06403   0.01882  0.008558
   102/299     26.4G   0.03402  0.007798  0.004945   0.04677       168       640    0.8576    0.6948    0.7674    0.4947   0.06126   0.01936   0.00845
   103/299     26.4G   0.03438  0.007295  0.004502   0.04617       140       640     0.817    0.7319    0.7763    0.4999   0.06055   0.01962  0.008383
   104/299     26.4G   0.03377  0.007397  0.003801   0.04497       181       640    0.8859    0.6757    0.7556     0.504   0.06266   0.01899  0.008689
   105/299     26.4G   0.03446  0.007012  0.005019   0.04649       155       640    0.9017    0.6718    0.7518     0.502   0.06155   0.01942  0.008686
   106/299     26.4G   0.03574  0.006956  0.004006    0.0467       151       640    0.8535    0.6581    0.7273    0.4895   0.06455   0.01902  0.009598
   107/299     26.4G   0.03498  0.006986  0.004191   0.04616       156       640    0.7935    0.6695    0.7319    0.5083    0.0638   0.01922   0.01052
   108/299     26.4G   0.03231  0.007147  0.003752   0.04321       166       640    0.7938    0.6859    0.7379    0.5049   0.06404   0.01893   0.01143
   109/299     26.4G   0.03295  0.007182  0.004119   0.04425       184       640    0.8837    0.6722    0.7661    0.4938    0.0653   0.01882   0.01044
   110/299     26.4G   0.03189  0.007514  0.003169   0.04257       142       640    0.9402    0.6444    0.7491    0.4807   0.06384   0.01975  0.009281
   111/299     26.4G   0.03427  0.007439  0.004029   0.04574       178       640    0.8889    0.6766    0.7542    0.4905   0.06375   0.01974  0.009231
   112/299     26.4G   0.03245  0.007056  0.003745   0.04325       226       640    0.9081    0.6949    0.7721    0.5225   0.06303   0.01941  0.009924
   113/299     26.4G   0.03489  0.007524  0.004121   0.04654       203       640    0.8171    0.7319    0.7949    0.5004   0.06368   0.01933   0.01038
   114/299     26.4G   0.03578  0.007749  0.004416   0.04795       173       640    0.8067    0.6879    0.7517    0.4977   0.06448   0.01947  0.009955
   115/299     26.4G   0.03334  0.007282  0.004091   0.04471       175       640     0.753    0.6766    0.7223    0.4674   0.06352   0.02046  0.009301
   116/299     26.4G   0.03423  0.007799  0.004863   0.04689       205       640    0.6547    0.7189    0.6875    0.4389   0.06366   0.02052  0.009283
   117/299     26.4G   0.03737  0.007556  0.005275    0.0502       173       640    0.8267     0.672    0.7207    0.4647   0.06496   0.01955  0.009665
   118/299     26.4G   0.03321  0.007898  0.004049   0.04516       180       640     0.746    0.6581    0.7138    0.4814   0.06313   0.01973  0.009477
   119/299     26.4G   0.03363  0.007544  0.004363   0.04554       181       640    0.6507     0.732     0.711     0.479   0.06173   0.02016  0.008841
   120/299     26.4G   0.03295  0.008051  0.003653   0.04465       185       640     0.817    0.6439    0.7289    0.4614   0.06387   0.01954  0.008247
   121/299     26.4G   0.03173  0.007452  0.004295   0.04347       169       640    0.8665    0.6445    0.7355    0.4833   0.06179   0.02003  0.008239
   122/299     26.4G   0.03115  0.007057   0.00301   0.04122       157       640    0.8806    0.6573    0.7402    0.4809   0.06255   0.02015  0.007891
   123/299     26.4G   0.03294  0.007413  0.003933   0.04428       205       640    0.7264    0.7043    0.7115    0.4777   0.06052   0.02073  0.007612
   124/299     26.4G   0.03351  0.008172  0.004509   0.04619       152       640    0.7827    0.6774    0.7193    0.4913   0.05943   0.02075  0.007406
   125/299     26.4G   0.03839  0.006817  0.004409   0.04962       164       640    0.8654    0.6674     0.742    0.4927   0.06078    0.0207  0.007363
   126/299     26.4G   0.03065  0.007994  0.003465   0.04211       191       640    0.8656    0.6441    0.7406    0.5041    0.0615   0.02008   0.00772
   127/299     26.4G   0.03105   0.00748  0.002846   0.04137       210       640    0.7955    0.7116    0.7572    0.5035   0.06107   0.02002  0.007908
   128/299     26.4G   0.03153  0.006908  0.003275   0.04171       189       640    0.8195    0.6825    0.7478    0.5166   0.05838   0.02054  0.008428
   129/299     26.4G   0.03464  0.006908  0.003385   0.04493       162       640    0.7758     0.658    0.7308    0.5062    0.0592    0.0203  0.009183
   130/299     26.4G   0.03221  0.007372  0.003394   0.04298       188       640     0.807    0.6767    0.7368    0.4795   0.06121   0.01992  0.009782
   131/299     26.4G   0.02935  0.007109  0.003616   0.04008       165       640    0.7651    0.6409    0.6851     0.462   0.06415   0.01955  0.009345
   132/299     26.4G   0.02978  0.007272  0.003495   0.04054       145       640    0.7693      0.66    0.6943    0.4559   0.06439   0.01969  0.008661
   133/299     26.4G   0.03338  0.007245  0.003865   0.04449       164       640    0.7263    0.6766    0.6971    0.4564   0.06195   0.02026  0.008567
   134/299     26.4G   0.02969  0.007023  0.003301   0.04002       138       640    0.7964    0.6669     0.708    0.4636   0.06245   0.02011  0.008166
   135/299     26.4G   0.02811  0.007096  0.002429   0.03764       186       640    0.8051    0.6812    0.7253    0.4901   0.06146   0.02027  0.007828
   136/299     26.4G   0.02836  0.007171  0.003023   0.03855       218       640    0.7835    0.6674     0.742    0.5025   0.06171   0.02024  0.008039
   137/299     26.4G   0.02882  0.007091  0.003016   0.03893       158       640    0.7777    0.6902    0.7528    0.5299   0.06091   0.02036   0.00758
   138/299     26.4G    0.0285  0.007184  0.003199   0.03888       128       640    0.8522    0.6811    0.7637    0.5277   0.05918   0.02081  0.007432
   139/299     26.4G   0.03006   0.00698  0.004499   0.04154       162       640    0.9608      0.58    0.7452    0.5163   0.05871   0.02158   0.00818
   140/299     26.4G   0.03036  0.007347  0.003659   0.04137       120       640    0.7401    0.7229    0.7464    0.4951   0.05905   0.02201  0.007875
   141/299     26.4G     0.029   0.00721  0.003464   0.03968       220       640    0.7894    0.7138    0.7506    0.5149     0.058   0.02176  0.008091
   142/299     26.4G   0.03189  0.007558  0.004311   0.04376       196       640    0.7459    0.7135    0.7447    0.5187   0.05729   0.02178  0.008599
   143/299     26.4G   0.02754  0.006489  0.002722   0.03675       112       640    0.7901    0.6649    0.7293    0.5213   0.05653   0.02217   0.00826
   144/299     26.4G   0.02679  0.007314  0.002714   0.03681       142       640    0.7984    0.6906     0.727    0.5089   0.05617   0.02216   0.00772
   145/299     26.4G   0.03024  0.006278  0.002919   0.03944       134       640    0.7837    0.7331    0.7501    0.5054   0.05574   0.02236  0.007468
   146/299     26.4G    0.0273  0.007325  0.002218   0.03685       154       640    0.7099    0.8061    0.7598    0.5195   0.05499   0.02246  0.007284
   147/299     26.4G   0.02895  0.006935   0.00228   0.03817       177       640     0.676    0.7875    0.7533    0.4974   0.05545   0.02225  0.007616
   148/299     26.4G   0.02946  0.006375  0.002512   0.03835       169       640    0.6242    0.7736    0.7398    0.5014   0.05592   0.02184  0.007718
   149/299     26.4G   0.03023  0.006921  0.002628   0.03978       190       640    0.7843    0.7273    0.7814    0.5152   0.05571    0.0217  0.007487
   150/299     26.4G   0.02876  0.006927  0.002318   0.03801       195       640    0.7913    0.6858    0.7755    0.5078   0.05584   0.02155  0.007676
   151/299     26.4G   0.02801  0.006816  0.001914   0.03674       199       640    0.7707    0.7137    0.7754    0.4911   0.05583   0.02151  0.007654
   152/299     26.4G   0.02811  0.006434   0.00212   0.03666       165       640    0.7479    0.6444    0.7326    0.5108   0.05563   0.02128  0.008071
   153/299     26.4G   0.02854  0.006396  0.002445   0.03739       141       640    0.7461    0.6628    0.7305    0.5147   0.05555   0.02139  0.008377
   154/299     26.4G   0.02654   0.00666  0.001783   0.03499       136       640    0.7408    0.7179    0.7678    0.5111   0.05454   0.02186  0.008863
   155/299     26.4G    0.0285  0.006961  0.003341    0.0388       168       640    0.7409    0.6951    0.7445    0.4935   0.05383   0.02213  0.008787
   156/299     26.4G   0.02772  0.006572  0.001917   0.03621       152       640    0.7601    0.7366    0.7817    0.5177   0.05313   0.02219  0.008433
   157/299     26.4G   0.02683  0.006617  0.002009   0.03546       209       640    0.7656    0.7571    0.7954    0.5293   0.05306   0.02228  0.008295
   158/299     26.4G   0.02703  0.006788  0.002475   0.03629       161       640    0.7697    0.7554    0.7884    0.5238   0.05491   0.02196  0.007877
   159/299     26.4G   0.02716  0.006962   0.00217   0.03629       173       640     0.815    0.7022    0.7761    0.5142   0.05551   0.02195  0.007898
   160/299     26.4G   0.02726  0.007375  0.002702   0.03734       181       640    0.8118     0.704    0.7722    0.5282   0.05527   0.02203  0.007686
   161/299     26.4G   0.02783  0.007356  0.002785   0.03797       163       640    0.8484      0.69    0.7888    0.5337   0.05425   0.02226  0.007541
   162/299     26.4G   0.02749  0.007143  0.002791   0.03742       181       640    0.7446    0.7673    0.7934    0.5237   0.05334   0.02265  0.007459
   163/299     26.4G   0.02681  0.007053  0.002314   0.03617       181       640    0.8039    0.7624    0.7913    0.5364   0.05292   0.02275  0.007528
   164/299     26.4G   0.02672  0.006591  0.002158   0.03547       150       640    0.7537    0.7505    0.7749    0.5115   0.05295   0.02267  0.007995
   165/299     26.4G   0.02832  0.007565  0.002482   0.03837       115       640    0.7805    0.6476    0.7352    0.5201   0.05185    0.0229  0.008104
   166/299     26.4G   0.02783  0.006495  0.002033   0.03635       131       640    0.8284    0.6719    0.7515    0.5221   0.05151   0.02314   0.00843
   167/299     26.4G   0.02623  0.006917  0.002165   0.03531       137       640    0.8487    0.6518    0.7462    0.5018   0.05159    0.0233   0.00837
   168/299     26.4G   0.02586  0.007014  0.002471   0.03534       139       640    0.7509    0.7227    0.7446    0.5199   0.05185   0.02312  0.007841
   169/299     26.4G   0.02658   0.00696  0.003572   0.03711       148       640    0.7601    0.7118    0.7377    0.5218   0.05191   0.02311  0.007717
   170/299     26.4G   0.02579  0.006221  0.001783   0.03379       175       640    0.8936    0.6552    0.7353    0.5297   0.05173   0.02316  0.007909
   171/299     26.4G   0.02722  0.006438  0.002318   0.03597       134       640    0.8708     0.672     0.735    0.5216   0.05146   0.02328  0.007887
   172/299     26.4G   0.02472  0.006446  0.002408   0.03358       216       640    0.8676    0.6719    0.7324    0.5246   0.05184   0.02325  0.007744
   173/299     26.4G   0.02658  0.006765  0.002781   0.03613       139       640     0.916    0.6723    0.7404    0.5107   0.05121   0.02347  0.007543
   174/299     26.4G   0.02512  0.006654   0.00209   0.03387       225       640    0.8401    0.6998    0.7394    0.5094   0.05014   0.02374  0.007413
   175/299     26.4G   0.02615  0.006542   0.00239   0.03508       116       640    0.8823     0.708    0.7864    0.5135   0.05046   0.02351  0.007412
   176/299     26.4G   0.02486  0.006038  0.002451   0.03335       186       640    0.8036    0.6984    0.7434    0.5096   0.05019   0.02343  0.007495
   177/299     26.4G   0.02503  0.007112  0.001878   0.03402       216       640    0.8171    0.7194    0.7725     0.522    0.0494   0.02344  0.007376
   178/299     26.4G   0.02346  0.006489  0.001331   0.03128       157       640    0.8362    0.6997    0.7408     0.517   0.04992   0.02324  0.007433
   179/299     26.4G   0.02298  0.005828  0.001621   0.03043       126       640    0.8147    0.7324    0.7439    0.5259   0.04985   0.02328  0.007381
   180/299     26.4G   0.02721  0.006336  0.002757    0.0363       154       640    0.7994    0.7445    0.7361    0.5313   0.04988   0.02325  0.007392
   181/299     26.4G   0.02559  0.007147  0.002242   0.03498       125       640    0.7791    0.7412    0.7392    0.5205   0.05011   0.02312  0.007482
   182/299     26.4G   0.02577   0.00646  0.001613   0.03385       180       640    0.7482    0.7686    0.7628    0.4995   0.05094   0.02328  0.007367
   183/299     26.4G   0.02403  0.006347  0.002114   0.03249       192       640    0.7402    0.7413     0.751    0.5088   0.05094   0.02324   0.00744
   184/299     26.4G   0.02492  0.006011  0.001165   0.03209       166       640    0.7269    0.7689    0.7556    0.5116   0.05014   0.02317  0.007591
   185/299     26.4G   0.02791  0.006411  0.003485   0.03781       164       640    0.8527    0.6811    0.7414     0.516   0.05069   0.02285  0.007529
   186/299     26.4G   0.02679   0.00655  0.001884   0.03523       178       640    0.7854    0.7179    0.7443    0.5194    0.0523    0.0227  0.007651
   187/299     26.4G     0.024   0.00702  0.001952   0.03298       201       640    0.8211    0.7505    0.7957    0.5223   0.05387   0.02255  0.007936
   188/299     26.4G   0.02564  0.006834  0.002395   0.03486       221       640    0.8281    0.7229    0.7649    0.5237   0.05504   0.02227   0.00825
   189/299     26.4G   0.02523  0.006258  0.001939   0.03343       165       640    0.8401    0.7366    0.7918    0.5208   0.05511   0.02222  0.008591
   190/299     26.4G    0.0268  0.006582  0.002233   0.03561       181       640    0.8146    0.7273     0.773    0.5135    0.0553   0.02222  0.008989
   191/299     26.4G   0.02506  0.005996  0.002006   0.03306       189       640    0.8081     0.718    0.7717    0.5176   0.05563   0.02202  0.009016
   192/299     26.4G   0.02431  0.006075  0.001694   0.03208       177       640     0.887    0.7005    0.7906    0.5227   0.05648   0.02184  0.008666
   193/299     26.4G   0.02408  0.006076  0.004125   0.03428       174       640    0.8389    0.7222     0.796    0.5337   0.05712   0.02178  0.008859
   194/299     26.4G   0.02425  0.006302  0.001831   0.03238       187       640    0.8845      0.71    0.8012      0.54   0.05818   0.02153  0.009325
   195/299     26.4G   0.02693   0.00631  0.002272   0.03552       179       640    0.8652    0.7266    0.8057    0.5435   0.05789   0.02145  0.009495
   196/299     26.4G   0.02192   0.00592  0.001295   0.02914       140       640    0.8094      0.75    0.8087    0.5479   0.05753   0.02151  0.009901
   197/299     26.4G   0.02333   0.00602  0.002145    0.0315       196       640    0.8625    0.7043    0.7842    0.5494   0.05688   0.02173  0.009993
   198/299     26.4G   0.02499   0.00648  0.002373   0.03384       210       640    0.9177    0.7136    0.7858    0.5344   0.05647   0.02206   0.01032
   199/299     26.4G   0.02337  0.006085  0.001427   0.03088       198       640    0.8791    0.6915    0.7354    0.5202    0.0563   0.02222   0.01063
   200/299     26.4G   0.02398   0.00618   0.00244    0.0326       128       640    0.8069    0.7136    0.7376     0.515   0.05608   0.02222   0.01073
   201/299     26.4G   0.02317  0.005704  0.002044   0.03092       182       640    0.8255     0.709    0.7421    0.5192   0.05585   0.02223   0.01063
   202/299     26.4G   0.02199  0.006185  0.001545   0.02972       197       640    0.8342    0.7054    0.7454     0.517    0.0556   0.02229   0.01047
   203/299     26.4G   0.02229  0.005772  0.001704   0.02977       108       640    0.8221    0.6951    0.7313    0.5202   0.05536   0.02232   0.01042
   204/299     26.4G   0.02274  0.006145  0.002459   0.03134       150       640    0.8183    0.6891    0.7301    0.5193   0.05554   0.02215   0.01049
   205/299     26.4G   0.02636  0.006452   0.00243   0.03524       146       640    0.8169    0.6856    0.7353    0.5247   0.05559     0.022   0.01055
   206/299     26.4G   0.02363  0.005857  0.002115    0.0316       151       640      0.81    0.7222    0.7595    0.5299   0.05638   0.02182   0.01055
   207/299     26.4G   0.02183  0.006431  0.001477   0.02974       202       640    0.8907    0.6625    0.7432    0.5304   0.05707   0.02161   0.01061
   208/299     26.4G   0.02431  0.005946  0.002039   0.03229       193       640    0.8343    0.6949    0.7487    0.5226   0.05805    0.0213   0.01073
   209/299     26.4G   0.02272    0.0056  0.001485   0.02981       122       640    0.8354    0.6994    0.7407    0.5091   0.05833   0.02124   0.01073
   210/299     26.4G   0.02284  0.005847  0.001448   0.03014       129       640    0.7471    0.7319    0.7212    0.5138   0.05815   0.02129   0.01077
   211/299     26.4G   0.02377  0.005546  0.001768   0.03108       180       640    0.7395    0.7226    0.7186    0.5083   0.05817   0.02132    0.0106
   212/299     26.4G   0.02323  0.005489  0.001519   0.03024       113       640    0.7507    0.7271    0.7376    0.5139   0.05868   0.02119   0.01037
   213/299     26.4G   0.02306  0.005936  0.002972   0.03197       182       640    0.7384    0.7273    0.7286    0.5139   0.05891   0.02112    0.0104
   214/299     26.4G   0.02405  0.005733  0.001127   0.03091       104       640    0.7505    0.7685    0.7454    0.5263   0.05893   0.02111   0.01032
   215/299     26.4G   0.02629  0.005926  0.001708   0.03393       171       640    0.7866    0.7134    0.7522    0.5176   0.05911   0.02141   0.01048
   216/299     26.4G   0.02378  0.006001  0.001828   0.03161       191       640    0.7306     0.748    0.7463    0.5225   0.05895   0.02143   0.01002
   217/299     26.4G   0.02184  0.006026   0.00125   0.02912       195       640     0.847    0.6708    0.7412    0.5216   0.05838   0.02139  0.009633
   218/299     26.4G   0.02115   0.00569  0.001438   0.02827       138       640    0.7806    0.6997    0.7273    0.5122   0.05774   0.02154  0.009524
   219/299     26.4G   0.02351  0.005595  0.001459   0.03056       176       640    0.7243    0.7319    0.7268    0.5129   0.05729   0.02168  0.009249
   220/299     26.4G   0.02583  0.006016  0.002591   0.03444       181       640     0.783    0.6804    0.7273      0.51   0.05726   0.02156  0.009108
   221/299     26.4G   0.02235  0.005805  0.001077   0.02923       192       640    0.8097    0.6756    0.7266       0.5   0.05735   0.02153  0.009077
   222/299     26.4G   0.02459  0.005906  0.002225   0.03273       202       640    0.7976    0.6947    0.7226    0.4982   0.05746    0.0216  0.008929
   223/299     26.4G   0.02408  0.005774  0.001611   0.03147       165       640    0.8036    0.6902    0.7254    0.5075   0.05676   0.02178  0.008825
   224/299     26.4G    0.0231  0.005876  0.001395   0.03037       185       640    0.7221    0.7363    0.7244     0.507   0.05596   0.02212  0.008742
   225/299     26.4G   0.02361  0.006333  0.002271   0.03221       204       640    0.7809    0.6901    0.7225    0.4985   0.05592    0.0222  0.008735
   226/299     26.4G   0.02241  0.005985    0.0012    0.0296       135       640    0.8065    0.6946    0.7438    0.5038   0.05555    0.0223  0.008817
   227/299     26.4G   0.02099  0.005825  0.001426   0.02824       182       640    0.7294    0.7549    0.7458    0.5067   0.05529   0.02231    0.0089
   228/299     26.4G   0.02477   0.00553   0.00171   0.03201       162       640    0.7799    0.7227     0.752    0.5136   0.05499   0.02228  0.008874
   229/299     26.4G   0.02071  0.005518  0.002041   0.02827       147       640    0.7918    0.7228    0.7497    0.5141   0.05474   0.02231  0.008889
   230/299     26.4G   0.02391  0.005319  0.001505   0.03073       156       640    0.8063    0.7227    0.7493    0.5204   0.05454   0.02227  0.008872
   231/299     26.4G    0.0211  0.005801  0.001785   0.02869       182       640    0.8123    0.7132    0.7524    0.5214   0.05456   0.02221  0.008862
   232/299     26.4G   0.02188  0.005526  0.002103   0.02951       164       640     0.814    0.7043    0.7515    0.5231   0.05473   0.02205  0.008783
   233/299     26.4G    0.0238   0.00598    0.0017   0.03148       205       640    0.8334     0.709    0.7582     0.526   0.05473   0.02201  0.008631
   234/299     26.4G   0.02141  0.005868  0.001185   0.02846       140       640    0.8411     0.718    0.7653    0.5281   0.05458   0.02198  0.008448
   235/299     26.4G   0.02435  0.006061   0.00211   0.03252       130       640    0.8455    0.7207    0.7673    0.5346   0.05463   0.02192  0.008401
   236/299     26.4G   0.02293   0.00534  0.001453   0.02973       157       640     0.802    0.7485    0.7619    0.5249   0.05489    0.0218  0.008448
   237/299     26.4G   0.02483  0.005447  0.001666   0.03194       185       640    0.7744    0.7591    0.7584    0.5273   0.05501   0.02179  0.008466
   238/299     26.4G   0.02156  0.005751  0.001232   0.02854       173       640    0.8149    0.7528    0.7847    0.5374   0.05532   0.02171  0.008524
   239/299     26.4G   0.02154  0.006084  0.001703   0.02933       182       640    0.8386    0.7412    0.7905    0.5384   0.05552   0.02168  0.008565
   240/299     26.4G   0.02076  0.005732  0.001703   0.02819       179       640     0.818     0.732    0.7584    0.5384   0.05568   0.02167  0.008651
   241/299     26.4G   0.02285  0.006293  0.001316   0.03046       201       640    0.8333    0.7459    0.7868    0.5439    0.0557   0.02166  0.008615
   242/299     26.4G   0.02126  0.005985   0.00129   0.02854       168       640    0.8312    0.7459    0.7864     0.538   0.05564   0.02169  0.008547
   243/299     26.4G   0.02306  0.006101  0.002213   0.03138       208       640    0.8209    0.7307    0.7572    0.5344   0.05572   0.02171  0.008523
   244/299     26.4G   0.02254  0.006076  0.001405   0.03003       181       640    0.8261    0.7668    0.7883    0.5386   0.05542   0.02184  0.008489
   245/299     26.4G   0.02109  0.005207  0.001125   0.02742       166       640    0.8091    0.7571    0.7635    0.5356    0.0552   0.02191  0.008428
   246/299     26.4G   0.01925  0.005316  0.001214   0.02578       151       640    0.7939    0.7597    0.7633    0.5278   0.05497   0.02199  0.008383
   247/299     26.4G    0.0222  0.005617  0.001533   0.02935       175       640    0.7875    0.7597    0.7631    0.5317   0.05472   0.02203  0.008314
   248/299     26.4G   0.02249  0.005983  0.001893   0.03036       167       640    0.8526    0.7181     0.772    0.5272   0.05443   0.02211  0.008253
   249/299     26.4G   0.02213  0.005236  0.001281   0.02864       197       640    0.7997    0.7551    0.7729    0.5294    0.0542   0.02212  0.008271
   250/299     26.4G   0.02272  0.005942   0.00174    0.0304       154       640    0.7916    0.7597    0.7774    0.5256   0.05422   0.02211  0.008304
   251/299     26.4G   0.02247  0.005361   0.00123   0.02906       147       640    0.8572    0.7136    0.7782    0.5315   0.05432   0.02204  0.008331
   252/299     26.4G   0.02069  0.005539  0.001193   0.02742       200       640    0.8491    0.7551    0.8047    0.5253   0.05417    0.0221  0.008351
   253/299     26.4G     0.022  0.005526  0.002687   0.03022       139       640    0.8253    0.7273    0.7584    0.5101   0.05398   0.02221  0.008336
   254/299     26.4G   0.02201  0.005913  0.002436   0.03036       167       640    0.7805    0.7319    0.7558    0.5149   0.05364   0.02234  0.008417
   255/299     26.4G   0.02107  0.005349  0.001311   0.02773       188       640    0.8658    0.6684    0.7546    0.5152   0.05334   0.02246  0.008472
   256/299     26.4G   0.02143  0.005745  0.001342   0.02851       167       640    0.8463    0.6683    0.7538    0.5116   0.05271   0.02264  0.008472
   257/299     26.4G   0.02201  0.005755  0.001094   0.02886       135       640    0.8047    0.6904    0.7546      0.51   0.05237   0.02272  0.008411
   258/299     26.4G   0.02181  0.005771  0.001328   0.02891       206       640    0.8025    0.6949    0.7546    0.5142   0.05219   0.02275  0.008302
   259/299     26.4G   0.02276  0.005841     0.001    0.0296       174       640    0.7927     0.695    0.7546    0.5182   0.05203   0.02277  0.008214
   260/299     26.4G   0.01935  0.005584  0.001021   0.02595       143       640     0.758    0.7504    0.7583     0.517   0.05199   0.02278  0.008154
   261/299     26.4G   0.02081  0.005514  0.001101   0.02742       153       640    0.7946     0.725    0.7646    0.5225   0.05173   0.02284  0.008132
   262/299     26.4G   0.02093  0.005391 0.0008236   0.02714       139       640    0.7629    0.7501     0.763    0.5304   0.05178   0.02278  0.008108
   263/299     26.4G   0.02047  0.005809  0.001169   0.02745       162       640    0.7613    0.7595    0.7585    0.5264   0.05183   0.02275  0.008073
   264/299     26.4G   0.02117  0.005997  0.001501   0.02867       209       640    0.8268    0.7088    0.7572    0.5311   0.05192    0.0227  0.008071
   265/299     26.4G   0.02077   0.00595  0.001037   0.02776       218       640    0.8106    0.7267    0.7524    0.5212   0.05187   0.02269  0.008106
   266/299     26.4G    0.0237  0.005702  0.001026   0.03042       160       640    0.8104    0.7256    0.7514     0.524   0.05202   0.02256  0.008207
   267/299     26.4G   0.02056  0.005426  0.001427   0.02741       171       640    0.8249    0.7246     0.754    0.5157   0.05227   0.02248  0.008285
   268/299     26.4G   0.01953  0.005748  0.001672   0.02695       200       640    0.8284    0.7227     0.753    0.5104   0.05232   0.02246  0.008367
   269/299     26.4G   0.02127  0.005556  0.001098   0.02793       153       640    0.8491    0.7371    0.7814    0.5144   0.05244    0.0224  0.008417
   270/299     26.4G   0.02113  0.005995  0.001191   0.02832       205       640    0.8473    0.7409    0.7807     0.518   0.05255   0.02237  0.008436
   271/299     26.4G   0.02131  0.005782  0.001629   0.02872       164       640    0.8301    0.7412    0.7809    0.5174   0.05242   0.02238   0.00842
   272/299     26.4G   0.01959  0.005967 0.0009575   0.02651       176       640    0.8328    0.7411    0.7885    0.5203   0.05251   0.02232    0.0084
   273/299     26.4G   0.02194  0.005954  0.001227   0.02912       191       640    0.8496    0.7087    0.7676    0.5282   0.05259   0.02224  0.008355
   274/299     26.4G   0.02103  0.005507  0.001834   0.02837       115       640    0.8371    0.7115    0.7688    0.5253   0.05264    0.0222  0.008313
   275/299     26.4G    0.0217  0.005641  0.001694   0.02904       173       640    0.8207    0.7227    0.7695     0.534    0.0524   0.02228  0.008208
   276/299     26.4G   0.02231  0.006214  0.001318   0.02984       204       640    0.8395    0.7179    0.7713    0.5303   0.05244   0.02227  0.008069
   277/299     26.4G   0.01917  0.005344  0.001309   0.02582       198       640    0.8394    0.7179    0.7736    0.5372   0.05252   0.02221   0.00798
   278/299     26.4G   0.01814  0.005208 0.0007796   0.02413       166       640    0.8278     0.732    0.7753    0.5389   0.05274   0.02217  0.007869
   279/299     26.4G   0.02095  0.005494  0.001282   0.02772       181       640     0.863    0.7448    0.8071    0.5385   0.05268   0.02222  0.007811
   280/299     26.4G   0.01917  0.005302 0.0009266   0.02539       181       640    0.8631    0.7438    0.8077    0.5428    0.0524   0.02228  0.007763
   281/299     26.4G   0.01991  0.005533   0.00134   0.02679       142       640    0.8626     0.746    0.8011    0.5363   0.05217   0.02235  0.007746
   282/299     26.4G   0.02032  0.005936  0.001129   0.02739       177       640    0.8638    0.7505    0.7985    0.5327   0.05204    0.0224  0.007768
   283/299     26.4G   0.02018  0.005617   0.00125   0.02705       158       640    0.8399    0.7505    0.7959    0.5395     0.052    0.0224  0.007832
   284/299     26.4G   0.02098  0.005424  0.001369   0.02778       183       640    0.8485    0.7366    0.7958    0.5226   0.05198   0.02241  0.007937
   285/299     26.4G   0.01913  0.005368   0.00109   0.02559       141       640     0.845    0.7366    0.7922    0.5239   0.05192   0.02245  0.007988
   286/299     26.4G   0.02037  0.005565  0.001206   0.02714       167       640    0.8479    0.7366     0.796    0.5327   0.05181   0.02246  0.008023
   287/299     26.4G   0.01992  0.005574  0.001221   0.02671       144       640    0.8484    0.7412    0.7944     0.529   0.05175   0.02246  0.008028
   288/299     26.4G   0.02165   0.00588  0.001585   0.02911       198       640    0.8442    0.7412    0.7931    0.5278   0.05175   0.02244  0.008007
   289/299     26.4G   0.01967  0.005613 0.0009419   0.02622       148       640    0.8431    0.7412    0.7959    0.5347   0.05183   0.02238  0.007961
   290/299     26.4G   0.02022  0.005395  0.001078   0.02669       136       640     0.843    0.7412    0.7935    0.5309   0.05177   0.02239   0.00795
   291/299     26.4G    0.0212  0.005441  0.001646   0.02828       219       640    0.8374    0.7569    0.7912    0.5349   0.05189   0.02235   0.00794
   292/299     26.4G   0.02212   0.00551  0.002136   0.02976       159       640    0.8407    0.7539    0.7901    0.5325   0.05209   0.02234  0.007951
   293/299     26.4G   0.02093  0.005936  0.001738    0.0286       194       640    0.8565    0.7365    0.7934    0.5268    0.0522   0.02233  0.007945
   294/299     26.4G   0.01925  0.005532  0.001011   0.02579       191       640    0.8558    0.7365    0.7952    0.5401   0.05208   0.02237   0.00797
   295/299     26.4G   0.02199  0.005842  0.001888   0.02972       231       640    0.8566    0.7359    0.7959    0.5312   0.05223   0.02234  0.007998
   296/299     26.4G   0.01995   0.00532   0.00103    0.0263       117       640     0.873    0.7252    0.8015    0.5409   0.05215   0.02235   0.00802
   297/299     26.4G    0.0206  0.005642 0.0009496   0.02719       160       640     0.872    0.7276    0.8018     0.535   0.05205   0.02242  0.008029
   298/299     26.4G   0.02038  0.006087  0.001082   0.02755       195       640    0.8761    0.7319     0.797    0.5356    0.0521   0.02246  0.008017
   299/299     26.4G   0.02247  0.005613  0.001245   0.02933       126       640    0.8749     0.732    0.7989    0.5324   0.05224    0.0224  0.008009
