     0/299     4.85G   0.08384   0.01765   0.01704    0.1185       169       640  0.002433     0.198 0.0006971 0.0001518      0.12   0.02329   0.01895
     1/299     24.8G   0.07842   0.01571   0.01609    0.1102       133       640  0.008488    0.1287  0.003944 0.0008038    0.1122   0.02362   0.01786
     2/299     26.3G   0.07204   0.01428   0.01499    0.1013        91       640   0.03362    0.1425   0.01784  0.004317    0.1033   0.02504   0.01675
     3/299     26.3G   0.06683   0.01423   0.01399   0.09505       138       640   0.07916    0.2156   0.05533     0.018   0.09776   0.02584   0.01573
     4/299     26.3G   0.06113   0.01468   0.01349   0.08929       139       640    0.1805    0.2936    0.1448   0.05093   0.09077   0.02665   0.01515
     5/299     26.3G   0.05719   0.01445   0.01244   0.08407       126       640    0.2344    0.3157    0.2302   0.09748   0.08637   0.02622   0.01483
     6/299     26.3G   0.05388   0.01359   0.01257   0.08004       143       640     0.787    0.3257    0.3016    0.1188   0.08618   0.02451   0.01447
     7/299     26.3G    0.0526   0.01227   0.01244   0.07731       107       640    0.7901    0.3486    0.3277    0.1131   0.08351   0.02351   0.01399
     8/299     26.3G   0.05042   0.01183   0.01177   0.07402       127       640    0.8023    0.3577    0.3822    0.1313   0.07994   0.02283   0.01365
     9/299     26.3G   0.05067   0.01062   0.01175   0.07304       103       640    0.7001    0.3946    0.2946   0.07275   0.08128   0.02135   0.01401
    10/299     26.3G   0.04951     0.011   0.01205   0.07256       150       640    0.8058     0.289    0.3566    0.1319   0.08906   0.01894   0.01385
    11/299     26.3G   0.04858   0.01026    0.0127   0.07153       132       640    0.7956    0.3716    0.3666    0.1322   0.08041   0.02016   0.01385
    12/299     26.3G   0.04724  0.009409   0.01196   0.06862       129       640    0.8415     0.367    0.4158    0.1953   0.07908   0.01955   0.01378
    13/299     26.3G   0.04642  0.009172   0.01198   0.06758       118       640    0.8606    0.3578    0.4229    0.1799   0.07701   0.02047   0.01331
    14/299     26.3G   0.04603   0.01032    0.0118   0.06815       124       640    0.2305    0.5751     0.349     0.104   0.08071   0.01956   0.01371
    15/299     26.3G   0.04716  0.009099   0.01149   0.06775       119       640    0.3296    0.5054    0.4478    0.1947   0.08539   0.01813   0.01354
    16/299     26.3G   0.04471  0.009363   0.01172   0.06579       157       640    0.3097    0.4776    0.3497     0.143   0.08635   0.01766   0.01367
    17/299     26.3G   0.04807  0.008928   0.01111    0.0681       117       640    0.3021    0.4828    0.4184    0.2332   0.08553   0.01827   0.01361
    18/299     26.3G   0.04956  0.009615   0.01324   0.07242       147       640    0.8661     0.289    0.3787    0.1361    0.0883   0.01827   0.01402
    19/299     26.3G   0.05177  0.009459   0.01232   0.07355       121       640     0.331    0.4221    0.3393     0.179   0.09062   0.01765   0.01415
    20/299     26.3G   0.04972  0.009659   0.01142    0.0708       129       640    0.2747    0.5236     0.395    0.1874   0.09084   0.01744    0.0146
    21/299     26.3G   0.04656  0.008856   0.01093   0.06635       127       640    0.3359     0.459    0.3874    0.2084   0.09139   0.01691   0.01426
    22/299     26.3G   0.04438  0.009103   0.01031   0.06379       139       640    0.2885    0.4683    0.3643    0.1957    0.0902   0.01669   0.01406
    23/299     26.3G    0.0481  0.008319   0.01146   0.06788       104       640    0.2989    0.4453    0.3801    0.1737   0.08589   0.01806   0.01363
    24/299     26.3G   0.04609  0.008646   0.01117   0.06591       120       640    0.2862    0.4638    0.3913    0.1829   0.09007   0.01659   0.01318
    25/299     26.3G   0.05284  0.008814   0.01002   0.07168       141       640     0.474    0.3397    0.3251    0.1588   0.09217   0.01915   0.01501
    26/299     26.3G   0.05605  0.009504   0.01212   0.07768       116       640   0.04645   0.05505   0.02323    0.0145    0.1101   0.02336   0.01781
    27/299     26.3G    0.0614   0.01081   0.01374   0.08595       119       640  0.008622  0.004587 9.337e-05 4.448e-05    0.1256   0.02109   0.05769
    28/299     26.3G   0.06669    0.0109   0.01391    0.0915        93       640  0.004517   0.04141  0.000442 0.0001149    0.1175   0.02164   0.02151
    29/299     26.3G   0.06933   0.01129   0.01373   0.09436       116       640 0.0005751   0.09174 0.0001087 2.088e-05    0.1161     11.04   0.03934
    30/299     26.3G   0.07252   0.01061   0.01507    0.0982       102       640  0.000116   0.01376 3.711e-06 5.998e-07     0.148     6.777    0.1145
    31/299     26.3G   0.06972    0.0116   0.01323   0.09454       154       640         0         0         0         0    0.1616     108.2     2.434
    32/299     26.3G   0.07563    0.0114   0.01357    0.1006       126       640         0         0         0         0       nan       nan       nan
    33/299     26.3G   0.06015   0.01104   0.01082   0.08201       146       640 0.0002957  0.009174 7.637e-06 1.749e-06       nan       nan       nan
    34/299     26.3G   0.07197   0.01113   0.01165   0.09475       107       640         0         0         0         0       nan       nan       nan
    35/299     26.3G   0.07388   0.01045   0.01127    0.0956       122       640 0.0001807   0.01848  1.18e-05 3.443e-06    0.1532     64.26    0.6152
    36/299     26.3G   0.06198   0.01062    0.0124     0.085       118       640         0         0         0         0       nan       nan       nan
    37/299     26.3G    0.0676   0.01169   0.01253   0.09182       129       640 0.0003891   0.04587 5.868e-05 9.554e-06       nan       nan       nan
    38/299     26.3G   0.06595   0.01267   0.01343   0.09204       108       640 0.0007309  0.009174 1.322e-05 1.879e-06    0.1423      1.19   0.04875
    39/299     26.3G   0.06477   0.01172   0.01223   0.08873       111       640 0.0007196    0.1009 0.0002344 5.284e-05    0.1151   0.07292   0.01431
    40/299     26.3G   0.06509   0.01235   0.01218   0.08962       141       640  0.001127    0.1697 0.0005989 9.063e-05    0.1095   0.02542   0.01285
    41/299     26.3G   0.06399   0.01191   0.01193   0.08783        99       640 0.0009988     0.156 0.0003827 6.894e-05    0.1062   0.02503   0.01295
    42/299     26.3G   0.06405   0.01256   0.01189   0.08849       145       640  0.001266    0.2018 0.0005949 0.0001093    0.1039    0.0262   0.01293
    43/299     26.3G   0.06305   0.01207   0.01242   0.08754       124       640  0.001244    0.2018 0.0005483 9.017e-05    0.1071   0.02425   0.01294
    44/299     26.3G   0.06456   0.01228    0.0126   0.08944       121       640  0.001212    0.1972 0.0005228 8.132e-05    0.1055   0.02503   0.01298
    45/299     26.3G    0.0641   0.01251   0.01272   0.08934       112       640 0.0009573    0.1422 0.0003362 5.596e-05     0.106   0.02584   0.01408
    46/299     26.3G   0.06386   0.01303    0.0129   0.08979       129       640 0.0006941    0.1101 0.0001857 3.498e-05    0.1097   0.02493   0.01753
    47/299     26.3G   0.06385   0.01319   0.01289   0.08993       128       640 0.0009402    0.1514  0.000326 4.465e-05    0.1059    0.0255   0.01503
    48/299     26.3G   0.06397   0.01249   0.01182   0.08829       122       640   0.00732  0.009174 0.0004424 7.411e-05    0.1065   0.02466   0.01345
    49/299     26.3G   0.06359   0.01239   0.01269   0.08867       113       640    0.5138   0.01376 0.0009956 0.0001339    0.1027   0.02637    0.0132
    50/299     26.3G   0.06219   0.01341   0.01134   0.08694       146       640    0.5055  0.004587 0.0005845 7.928e-05    0.1051   0.02502   0.01339
    51/299     26.3G   0.06369   0.01296   0.01194   0.08859       156       640 0.0009398     0.156  0.000423 5.541e-05    0.1043   0.02519   0.01338
    52/299     26.3G   0.06378   0.01308   0.01179   0.08865       138       640    0.5026  0.009174 0.0007284 0.0001027     0.102    0.0265   0.01318
    53/299     26.3G   0.06328   0.01365    0.0123   0.08923       142       640    0.5194  0.004587 0.0009098 0.0001562    0.1047     0.025   0.01334
    54/299     26.3G   0.06247   0.01323   0.01314   0.08885       132       640    0.5034  0.009174 0.0008987 0.0001515    0.1027   0.02602   0.01321
    55/299     26.3G   0.06266   0.01316    0.0132   0.08902       154       640    0.5068  0.004587 0.0008172 0.0001186     0.104   0.02543   0.01307
    56/299     26.4G   0.06251   0.01205   0.01265   0.08721       148       640    0.5025  0.004587 0.0007335 0.0001137    0.1031    0.0257   0.01308
    57/299     26.4G   0.06249   0.01321   0.01265   0.08835       143       640  0.002496  0.004587  0.000995  0.000171    0.1042   0.02527   0.01304
    58/299     26.4G   0.06339   0.01267   0.01359   0.08964       121       640  0.002476   0.06422  0.001118 0.0001686    0.1036   0.02528   0.01309
    59/299     26.4G   0.06207   0.01302   0.01249   0.08758       124       640  0.002154   0.07339 0.0009129 0.0001516    0.1048    0.0249   0.01289
    60/299     26.4G   0.06247   0.01323   0.01274   0.08844       131       640  0.002174    0.1055  0.001036 0.0001492    0.1062   0.02407   0.01297
    61/299     26.4G   0.06212   0.01318   0.01321   0.08852       114       640  0.003768  0.009174 0.0009808 0.0001467    0.1041   0.02458   0.01303
    62/299     26.4G   0.06174   0.01241   0.01221   0.08636       113       640   0.01239   0.01376  0.001879 0.0003239    0.1039   0.02468   0.01301
    63/299     26.4G   0.06198   0.01321   0.01244   0.08763       174       640   0.01036   0.01376  0.001128 0.0001954    0.1035   0.02511   0.01287
    64/299     26.4G   0.06218   0.01181   0.01181    0.0858       124       640     0.535   0.01835  0.005236  0.001327    0.1037   0.02469   0.01275
    65/299     26.4G   0.06282   0.01246   0.01218   0.08746       135       640    0.5199   0.01835   0.00325 0.0006149    0.1036   0.02489   0.01282
    66/299     26.4G   0.06222   0.01235   0.01274   0.08732       122       640    0.5451   0.01835  0.004925  0.001351     0.103   0.02497   0.01291
    67/299     26.4G   0.06162   0.01207   0.01246   0.08615       131       640    0.5197   0.03211  0.004699 0.0008014    0.1019   0.02548   0.01294
    68/299     26.4G   0.06124   0.01239   0.01274   0.08637       142       640    0.5509   0.05505   0.01716   0.00305   0.09957   0.02621   0.01317
    69/299     26.4G   0.06193   0.01218   0.01319    0.0873       117       640    0.5468   0.04587   0.01434  0.002925   0.09845   0.02618   0.01328
    70/299     26.4G   0.06196   0.01213   0.01219   0.08629       118       640    0.5778   0.05505   0.02329  0.004511    0.1012   0.02459   0.01328
    71/299     26.4G   0.05995   0.01132   0.01183    0.0831       156       640    0.5594   0.04587   0.01943  0.006131    0.1029   0.02398   0.01318
    72/299     26.4G   0.06153    0.0116   0.01188   0.08502       135       640   0.05023   0.06422   0.02504   0.00702    0.1033   0.02427   0.01325
    73/299     26.4G   0.06258   0.01069   0.01241   0.08568       134       640    0.1136    0.1056   0.03497   0.01081       0.1   0.02574   0.01357
    74/299     26.4G   0.06021   0.01154   0.01257   0.08432       146       640   0.06192    0.1746    0.0345   0.01038   0.09972   0.02492   0.01358
    75/299     26.4G   0.05927   0.01206   0.01213   0.08346       135       640    0.1357    0.1286   0.04694   0.01581   0.09718   0.02503   0.01369
    76/299     26.4G    0.0614   0.01123   0.01248   0.08511       160       640    0.1243    0.1425   0.03893   0.01184   0.09784   0.02478    0.0134
    77/299     26.4G   0.05936   0.01106   0.01294   0.08335       114       640    0.6414   0.07798   0.06295   0.02046   0.09843   0.02378   0.01339
    78/299     26.4G    0.0593   0.01118   0.01162    0.0821       140       640   0.07308    0.1793   0.05397   0.02158   0.09961   0.02298   0.01358
    79/299     26.4G   0.05755   0.01173   0.01233   0.08162       116       640   0.07216     0.147   0.03291   0.01073   0.09983   0.02347   0.01377
    80/299     26.4G   0.06044   0.01135   0.01255   0.08434       130       640   0.08042    0.1775   0.04668   0.01749   0.09823   0.02375    0.0138
    81/299     26.4G   0.05745   0.01068    0.0133   0.08143       114       640    0.1873     0.124   0.04939   0.01963   0.09942   0.02366   0.01319
    82/299     26.4G   0.05889    0.0115   0.01291   0.08331       141       640    0.3259    0.1562   0.08115   0.02785   0.09906   0.02299   0.01382
    83/299     26.4G   0.05614   0.01162   0.01256   0.08033       137       640    0.1996    0.2004    0.1282   0.05097   0.09926   0.02176   0.01356
    84/299     26.4G   0.05676   0.01115   0.01303   0.08094       142       640    0.2609    0.1194    0.1059   0.04309   0.09915   0.02188   0.01357
    85/299     26.4G   0.05199   0.01118   0.01279   0.07596       141       640    0.1484    0.2016    0.1318   0.06463   0.09919    0.0216   0.01366
    86/299     26.4G   0.05091   0.01062     0.012   0.07353       128       640      0.26    0.1562    0.1323   0.06535    0.1012   0.02087   0.01421
    87/299     26.4G   0.05327   0.01007   0.01053   0.07387       116       640    0.1536     0.156    0.1373   0.06015   0.09821   0.02193   0.01567
    88/299     26.4G   0.06007   0.01123   0.01476   0.08606       128       640   0.09306   0.04092   0.01878  0.009307    0.1194     14.72    0.2744
    89/299     26.4G   0.05614   0.01073   0.01257   0.07945       112       640   0.03911    0.1009   0.01741  0.007157    0.1088     3.382    0.1304
    90/299     26.4G   0.05497   0.01138    0.0125   0.07886       144       640   0.01075    0.2485  0.006584  0.001941    0.1029    0.7725   0.03808
    91/299     26.4G   0.05429   0.01026   0.01385    0.0784        92       640   0.03124    0.1427  0.008448  0.002828    0.1035    0.3124    0.0307
    92/299     26.4G   0.05233   0.01008   0.01293   0.07535       137       640   0.06699     0.198   0.02322  0.006903    0.1024    0.3256   0.01876
    93/299     26.4G   0.05229   0.01054   0.01333   0.07615       139       640   0.03494    0.2653   0.02158  0.008358    0.1007   0.05556   0.01507
    94/299     26.4G   0.05263   0.01091   0.01257   0.07611       151       640    0.2424   0.08716    0.1097   0.06361   0.09805   0.02436   0.01386
    95/299     26.4G   0.05414   0.01028   0.01339    0.0778       121       640    0.1204    0.1978    0.0901   0.05048   0.09735    0.0244   0.01416
    96/299     26.4G   0.05626    0.0109   0.01316   0.08032       105       640    0.1528    0.2759    0.1499   0.07843   0.09424   0.02307   0.01288
    97/299     26.4G   0.05104  0.009928    0.0118   0.07277       127       640    0.2091    0.1552    0.1213   0.06518   0.09503   0.02334   0.01297
    98/299     26.4G   0.04891   0.01061   0.01082   0.07034       128       640    0.1833    0.1837    0.1432   0.07327   0.09412   0.02438   0.01348
    99/299     26.4G   0.05069   0.01073   0.01278    0.0742       148       640    0.1974    0.1837    0.1447   0.06478   0.09563   0.02474   0.01393
   100/299     26.4G   0.05249   0.01017   0.01454    0.0772       166       640    0.4259    0.1561    0.1571   0.07637   0.09361   0.02408   0.01645
   101/299     26.4G   0.05279   0.01105   0.01407   0.07791       145       640    0.2393    0.2204    0.1743   0.08433   0.09253   0.02391   0.01834
   102/299     26.4G   0.05013   0.00999   0.01235   0.07247       148       640    0.2272    0.2285    0.1843   0.08981   0.09379   0.02343   0.01853
   103/299     26.4G   0.05077   0.01057   0.01183   0.07317       116       640    0.5208    0.1561    0.1807   0.09024    0.0944   0.02299   0.01744
   104/299     26.4G   0.05229   0.01119   0.01393   0.07741        96       640    0.2645     0.216    0.1826   0.09067    0.0933   0.02316   0.01397
   105/299     26.4G   0.05099   0.01091   0.01188   0.07379       150       640    0.2593    0.1972    0.1643   0.08557   0.09308   0.02395   0.01302
   106/299     26.4G   0.04885   0.01071   0.01332   0.07288        95       640    0.2867    0.1786    0.1597   0.08274   0.09309   0.02493   0.01515
   107/299     26.4G   0.05132   0.01063   0.01274   0.07468       112       640    0.2612    0.2023    0.1537   0.08464   0.09372   0.02448   0.01648
   108/299     26.4G   0.05023   0.01072    0.0114   0.07235       115       640    0.2418    0.2388    0.1636   0.07885   0.09629   0.02164   0.01683
   109/299     26.4G   0.04844   0.01075   0.01159   0.07077       118       640    0.2617    0.2564    0.1952   0.09644   0.09662   0.02107   0.01528
   110/299     26.4G   0.04919   0.01026   0.01047   0.06991       149       640    0.2625    0.2296    0.1819   0.09297   0.09693   0.02146   0.01354
   111/299     26.4G   0.05144   0.01107      0.01   0.07251       137       640    0.3969     0.179      0.18   0.09078   0.09504   0.02252   0.01345
   112/299     26.4G   0.05049   0.01106   0.01245   0.07401       145       640    0.3702    0.2016    0.2007    0.1002   0.09316   0.02297   0.01352
   113/299     26.4G   0.04876   0.01047   0.01172   0.07095       155       640    0.1612    0.2021    0.1136   0.06064   0.09659     0.024    0.0146
   114/299     26.4G   0.05002    0.0112   0.01195   0.07317       151       640    0.1864    0.2664    0.1566   0.07696     0.095   0.02358   0.01374
   115/299     26.4G   0.05216    0.0098   0.01146   0.07342       137       640    0.2557    0.2253    0.1656   0.08992   0.09356   0.02384   0.01407
   116/299     26.4G   0.05337   0.01022   0.01237   0.07597       132       640    0.1438    0.2159   0.08241   0.03935   0.09364    0.0249   0.01357
   117/299     26.4G   0.05111   0.01056   0.01059   0.07225       138       640    0.1612    0.1976   0.07344   0.03256   0.09814   0.02394   0.01453
   118/299     26.4G   0.05195   0.01062   0.01128   0.07384       118       640    0.1188    0.1793   0.07726   0.04526   0.09714    0.0246   0.01568
   119/299     26.4G   0.05115   0.01064   0.01063   0.07243       144       640    0.3095    0.1651    0.1859   0.09413   0.09541   0.02252   0.01528
   120/299     26.4G   0.04707   0.01129   0.01005    0.0684       169       640    0.2352    0.2436    0.1762   0.08741   0.09463   0.02356    0.0146
   121/299     26.4G   0.05338   0.01067   0.01269   0.07674       124       640    0.2598      0.17    0.1411   0.06451   0.09765   0.02329    0.0226
   122/299     26.4G   0.04274   0.01088   0.00856   0.06218       125       640    0.2083    0.1793    0.0987   0.04307     0.102   0.02342   0.06865
   123/299     26.4G     0.052   0.01014   0.01191   0.07405       149       640    0.1518     0.239    0.1127   0.05484   0.09855   0.02452   0.05816
   124/299     26.4G   0.04735   0.01094    0.0116   0.06989       145       640    0.1249    0.1562   0.06932   0.03376    0.0939   0.02575   0.02251
   125/299     26.4G   0.04747    0.0102   0.01162   0.06929       151       640    0.1407    0.3195    0.1453   0.08348   0.09193   0.02341   0.01582
   126/299     26.4G   0.05058   0.01039   0.01243    0.0734       120       640    0.1899    0.3128    0.1873    0.1094     0.091   0.02335   0.01541
   127/299     26.4G   0.04469   0.01077   0.01062   0.06607       113       640    0.1688    0.2436    0.1073   0.06008   0.09121   0.02422   0.01552
   128/299     26.4G   0.04446  0.009888   0.01128   0.06563       103       640     0.228    0.2343    0.1345   0.07895   0.09259   0.02369   0.01541
   129/299     26.4G   0.04837   0.01064   0.01238   0.07139       110       640     0.113    0.3405    0.0685   0.03361   0.09418   0.02629   0.01511
   130/299     26.4G   0.05025   0.01049   0.01229   0.07302       126       640    0.2052    0.3219    0.1643   0.08894   0.09303   0.02257   0.01489
   131/299     26.4G   0.04505   0.01037   0.01158     0.067       127       640    0.2118    0.2668    0.1458    0.0858   0.09751   0.02154   0.01486
   132/299     26.4G   0.04934   0.01063   0.01109   0.07106       147       640    0.3444    0.2666    0.2079    0.1115   0.09576    0.0208   0.01463
   133/299     26.4G   0.04369    0.0102   0.01015   0.06403        94       640    0.2363    0.3355    0.2093    0.1078   0.09725    0.0212   0.02473
   134/299     26.4G   0.04606   0.01019   0.01114   0.06739       143       640    0.4124    0.1608    0.1726     0.082    0.1024   0.02116   0.03822
   135/299     26.4G   0.04622   0.01007   0.01105   0.06734       144       640    0.3407    0.1978     0.186   0.09386    0.0964   0.02269   0.01928
   136/299     26.4G   0.04901   0.01039   0.01192   0.07132       119       640    0.2251    0.2666    0.1624    0.0868    0.0928    0.0229   0.01674
   137/299     26.4G   0.04823   0.01008    0.0109    0.0692       129       640    0.1524    0.2622   0.08687   0.04036   0.09461   0.02323   0.01663
   138/299     26.4G   0.04792   0.01061   0.01049   0.06902       149       640   0.08515     0.184   0.05049   0.02477    0.1001   0.02315   0.01861
   139/299     26.4G   0.04859   0.00952   0.01155   0.06966       105       640    0.1538    0.2528    0.1378   0.06989   0.09866   0.02535   0.01813
   140/299     26.4G   0.04909   0.01073   0.01202   0.07185       126       640    0.1946    0.2435    0.1654   0.08965   0.09844    0.0213    0.0164
   141/299     26.4G   0.04989   0.01069  0.009711    0.0703       142       640    0.2718    0.1975    0.1662   0.08655   0.09645   0.02305   0.01487
   142/299     26.4G   0.05031   0.01055   0.01098   0.07184       124       640    0.2938    0.2159    0.1882   0.09612   0.09659   0.02211    0.0144
   143/299     26.4G   0.04858  0.009935   0.01122   0.06973       124       640    0.3126    0.2383    0.2052    0.1131   0.09493   0.02125   0.01329
   144/299     26.4G   0.04995   0.01009   0.01076    0.0708       170       640    0.6179    0.1562    0.1862     0.107   0.09661   0.02196   0.01374
   145/299     26.4G   0.04285   0.01047  0.009667   0.06299       113       640    0.2348    0.2161    0.1566   0.08191   0.09866   0.02167   0.01538
   146/299     26.4G   0.04583   0.01008   0.00988   0.06579       122       640    0.7874    0.1376    0.1741   0.09184     0.097   0.02079   0.01386
   147/299     26.4G   0.04379   0.01048  0.009571   0.06384       120       640     0.751    0.1468    0.1693   0.09539   0.09688   0.02106   0.01335
   148/299     26.4G   0.04875   0.01035  0.009585   0.06869       134       640    0.2767    0.1975    0.1361   0.07952   0.09662   0.02261   0.01311
   149/299     26.4G   0.04782   0.01005    0.0107   0.06858       120       640    0.4732      0.17    0.1449   0.08217    0.0946   0.02338    0.0131
   150/299     26.4G   0.05421   0.01057   0.01164   0.07642       123       640    0.4469    0.2523    0.2017    0.1039   0.09163   0.02346   0.01308
   151/299     26.4G   0.05161   0.01047   0.01036   0.07244       142       640    0.2803    0.2941     0.206    0.1118   0.09293   0.02201   0.01351
   152/299     26.4G   0.04563   0.01063    0.0109   0.06716       115       640     0.457    0.2435    0.2256    0.1135   0.09467   0.02095   0.01348
   153/299     26.4G   0.04608   0.01041   0.01042    0.0669       127       640    0.5405    0.2701     0.246     0.116   0.09386   0.02065   0.01397
   154/299     26.4G    0.0468   0.01038   0.01126   0.06844       124       640    0.6401    0.2525    0.2641    0.1231   0.09286   0.02111    0.0152
   155/299     26.4G   0.04578   0.01026  0.009885   0.06593       120       640    0.3642    0.2709    0.2406    0.1295   0.09301   0.02159   0.01543
   156/299     26.4G   0.04744   0.01032   0.01047   0.06823       115       640    0.3616    0.3526    0.2701    0.1388   0.09379    0.0213   0.01574
   157/299     26.4G   0.04292   0.01057   0.01021   0.06371       137       640    0.4181    0.3265    0.2983    0.1601   0.09222   0.02132   0.01687
   158/299     26.4G   0.04708   0.01043   0.01075   0.06825       153       640    0.3883    0.2801    0.2452    0.1421   0.09371    0.0211   0.01587
   159/299     26.4G   0.04445   0.01032   0.01054   0.06531       107       640    0.3991    0.2483    0.2485    0.1412   0.09435   0.02084   0.01576
   160/299     26.4G   0.04473  0.009883   0.00903   0.06364       140       640    0.2718    0.3739    0.2718    0.1446   0.09389   0.02061   0.01462
   161/299     26.4G    0.0425  0.009858   0.00881   0.06117       104       640    0.4105    0.3075    0.2867    0.1496   0.09123   0.02166   0.01437
   162/299     26.4G   0.04007   0.01061  0.009196   0.05988       107       640    0.3908     0.308    0.2851    0.1497   0.09143   0.02152   0.01353
   163/299     26.4G   0.04368  0.009945  0.007988   0.06162       123       640    0.4887    0.2621    0.2997    0.1593   0.08926   0.02247   0.01419
   164/299     26.4G     0.046  0.009909  0.008723   0.06463       108       640    0.5283    0.2344    0.2716    0.1491    0.0882   0.02295   0.01523
   165/299     26.4G   0.04317  0.009846  0.008589    0.0616       138       640    0.3889    0.2988    0.2715    0.1441   0.08909   0.02254   0.01478
   166/299     26.4G   0.04084   0.01011  0.008131   0.05908       118       640    0.4616    0.2298    0.2808    0.1576   0.08867   0.02283   0.01568
   167/299     26.4G   0.04007  0.009615  0.007395   0.05708       133       640    0.6424    0.1888     0.248    0.1443   0.09381   0.02192   0.01662
   168/299     26.4G   0.04541   0.01016  0.009133   0.06471       124       640    0.5521    0.2485     0.292    0.1577   0.09435   0.02048   0.01627
   169/299     26.4G   0.04058   0.01056  0.007351   0.05849        88       640    0.3342    0.3614    0.2948    0.1576   0.09578   0.01992   0.01519
   170/299     26.4G    0.0424  0.009738  0.008856     0.061       101       640    0.3009     0.368    0.3077    0.1776   0.09326   0.02078   0.01556
   171/299     26.4G   0.04698  0.009655  0.007305   0.06394       136       640    0.4322    0.3105    0.3147    0.1771   0.09171   0.02113   0.01492
   172/299     26.4G   0.04311  0.009632  0.006837   0.05958        99       640    0.4562    0.3127     0.308    0.1752   0.09235   0.02144   0.01337
   173/299     26.4G   0.04415   0.01072  0.006877   0.06175       100       640    0.4779    0.2759    0.2997    0.1707    0.0924   0.02151   0.01363
   174/299     26.4G   0.04337    0.0102  0.007261   0.06083       100       640    0.4812    0.3489    0.3564     0.185   0.09123   0.02166   0.01551
   175/299     26.4G    0.0448   0.01001   0.00708    0.0619       146       640    0.4229    0.3355    0.3422    0.1869    0.0911   0.02188   0.01874
   176/299     26.4G   0.04677   0.00984  0.008981   0.06559       132       640    0.4522    0.2886    0.3097    0.1649   0.09224   0.02146   0.01806
   177/299     26.4G   0.04312   0.01041  0.009201   0.06274       120       640    0.5692     0.253    0.3297    0.1852   0.09256   0.02098   0.01625
   178/299     26.4G   0.04191  0.009944  0.007099   0.05895       123       640    0.4814    0.3254    0.3238    0.1823    0.0923   0.02151   0.01531
   179/299     26.4G   0.03909  0.009849  0.005949   0.05489       118       640    0.4329    0.3726    0.3144    0.1781   0.08997    0.0224    0.0143
   180/299     26.4G   0.04839  0.009554   0.01005   0.06799       125       640    0.4897    0.3266    0.3076     0.183   0.08949   0.02239   0.01518
   181/299     26.4G   0.03909   0.01013  0.006344   0.05556       129       640    0.6787    0.2299    0.2788    0.1655   0.09151    0.0221   0.01451
   182/299     26.4G   0.04155   0.01035  0.006878   0.05878       136       640    0.3703    0.3359    0.2876    0.1662   0.09272   0.02149   0.01377
   183/299     26.4G   0.04623   0.01056  0.007105   0.06389       130       640    0.4496    0.2731    0.2811     0.161   0.09193   0.02177   0.01496
   184/299     26.4G    0.0453  0.009561  0.006296   0.06116       105       640    0.4097    0.2759     0.268    0.1532    0.0918   0.02271   0.01536
   185/299     26.4G   0.04233   0.01002  0.006228   0.05857       126       640    0.5982    0.2435    0.3099    0.1797   0.09036   0.02227    0.0154
   186/299     26.4G    0.0409   0.01007  0.005606   0.05658       116       640    0.4938    0.3722    0.3423     0.198   0.08935   0.02203   0.01606
   187/299     26.4G   0.04008  0.009714  0.005811   0.05561       165       640    0.5155    0.2622    0.2927    0.1734   0.09097   0.02275   0.01712
   188/299     26.4G   0.04718  0.009798  0.007558   0.06454       121       640     0.351    0.3076    0.2779     0.177   0.09104    0.0231   0.01337
   189/299     26.4G   0.04319  0.009608  0.007419   0.06022        99       640    0.3763    0.3127    0.3013    0.1797   0.09041   0.02277   0.01353
   190/299     26.4G   0.04646   0.01009  0.008323   0.06487       149       640    0.4124    0.3347    0.3268    0.1919   0.08965   0.02211   0.01676
   191/299     26.4G   0.03608  0.009763  0.005333   0.05118       142       640    0.4056    0.3312    0.3256    0.1868   0.09129   0.02113   0.01867
   192/299     26.4G    0.0389  0.009951   0.00628   0.05513       147       640    0.4315    0.2989    0.3258    0.1855    0.0919   0.02068   0.01475
   193/299     26.4G   0.03857  0.009715   0.00518   0.05346       130       640    0.3166    0.3591    0.3148    0.1854    0.0904   0.02161   0.01621
   194/299     26.4G    0.0421   0.00971  0.006402   0.05822       113       640     0.423    0.3639    0.3489    0.1976   0.08851   0.02253   0.01652
   195/299     26.4G    0.0474  0.009741  0.007242   0.06438       127       640    0.5266    0.3499    0.3706    0.2101   0.08879   0.02253   0.01523
   196/299     26.4G   0.03997  0.009565  0.006256   0.05579       118       640     0.575    0.3127    0.3637    0.2124   0.08912   0.02214   0.01431
   197/299     26.4G   0.04072  0.009749  0.006854   0.05732       163       640    0.5969    0.3079    0.3503       0.2   0.08804   0.02212   0.01658
   198/299     26.4G   0.04178  0.009895  0.005785   0.05746       162       640    0.4569    0.3538    0.3568      0.19   0.08624    0.0226   0.01617
   199/299     26.4G    0.0409  0.009014  0.006962   0.05687       105       640    0.5224    0.3173    0.3521    0.1856   0.08617   0.02293   0.01533
   200/299     26.4G   0.04547  0.009992  0.006032    0.0615       179       640    0.4067    0.3449    0.3501    0.2021    0.0861   0.02297   0.01573
   201/299     26.4G   0.04566  0.009567  0.006133   0.06136       145       640     0.514    0.2852    0.3455    0.1947   0.08738   0.02258   0.01553
   202/299     26.4G   0.03833  0.009776  0.009007   0.05711       120       640    0.5309    0.2852    0.3352    0.1788    0.0876   0.02265   0.01653
   203/299     26.4G   0.04607  0.009072  0.006539   0.06168       134       640     0.444     0.368    0.3519    0.1876   0.08899   0.02256   0.01435
   204/299     26.4G   0.04243  0.009602  0.005753   0.05779       153       640    0.4105    0.3265    0.3294    0.1857   0.08928    0.0224   0.01492
   205/299     26.4G   0.03882  0.009817   0.00594   0.05458       113       640    0.4215    0.3036    0.3196    0.1796   0.09034   0.02219   0.01631
   206/299     26.4G   0.04227   0.01039  0.007821   0.06048       146       640    0.4102    0.3312    0.3096    0.1688   0.09182   0.02115   0.01721
   207/299     26.4G   0.04084  0.009602  0.006779   0.05722       121       640    0.3392    0.3626    0.3308    0.1747   0.09346   0.02017   0.01489
   208/299     26.4G   0.04339  0.009615  0.005811   0.05882       137       640    0.4788    0.3358    0.3402    0.1847   0.09355   0.01974   0.01526
   209/299     26.4G   0.03895  0.009166  0.005716   0.05384       152       640    0.5423    0.3219    0.3579    0.1963   0.09278   0.02007   0.01551
   210/299     26.4G   0.03438  0.009162  0.004292   0.04784       136       640    0.4845    0.3449    0.3622    0.2092   0.09154   0.02082   0.01509
   211/299     26.4G   0.04182  0.009418  0.005484   0.05672       143       640    0.5583    0.2852    0.3596     0.191   0.08891   0.02226    0.0156
   212/299     26.4G   0.04218  0.009124  0.006875   0.05818       108       640    0.5377    0.2942    0.3576    0.2044   0.08637   0.02288    0.0141
   213/299     26.4G   0.03997   0.01039  0.005291   0.05565       156       640    0.3944    0.3816    0.3531    0.2004   0.08798   0.02205   0.01398
   214/299     26.4G    0.0394  0.009313  0.004875   0.05359       131       640    0.3684    0.3493    0.3533    0.2069   0.08895   0.02131   0.01564
   215/299     26.4G   0.03621  0.009385   0.00474   0.05034       152       640    0.4693    0.3637    0.3625     0.206   0.08992    0.0211   0.01741
   216/299     26.4G   0.04262  0.009222  0.005194   0.05703       130       640    0.5011    0.3498    0.3663    0.2035   0.08948   0.02134   0.01749
   217/299     26.4G   0.04242  0.009228  0.005428   0.05708       125       640    0.4815    0.2992    0.3323    0.1876   0.08917    0.0221   0.01706
   218/299     26.4G   0.03573  0.009958   0.00544   0.05113       177       640    0.4749    0.3218    0.3329    0.1945    0.0894   0.02208   0.01672
   219/299     26.4G   0.03917  0.009451  0.005631   0.05426       155       640    0.5071    0.3359    0.3457    0.1977   0.08976   0.02169   0.01582
   220/299     26.4G   0.04477  0.009666  0.005746   0.06018       131       640    0.5306    0.3359    0.3467    0.1974   0.09052   0.02139   0.01674
   221/299     26.4G   0.03199  0.009464  0.003712   0.04516       125       640    0.3796    0.3774     0.333    0.1931   0.09031   0.02175   0.01604
   222/299     26.4G    0.0438  0.009465  0.005023   0.05829       144       640    0.4223    0.3403    0.3335    0.1913   0.08953   0.02212   0.01467
   223/299     26.4G    0.0406  0.009084  0.004571   0.05425       120       640    0.5064    0.3404    0.3561     0.207   0.08816   0.02219   0.01486
   224/299     26.4G   0.04049  0.009369  0.004125   0.05398       165       640    0.6567    0.2941    0.3576    0.2098   0.08889   0.02173   0.01541
   225/299     26.4G   0.03914  0.009694  0.004921   0.05375       170       640    0.6631    0.3143    0.3603    0.2129   0.08875   0.02175   0.01539
   226/299     26.4G   0.04112  0.009237  0.004275   0.05463       133       640    0.7745    0.3165    0.3832    0.2107   0.08938    0.0214   0.01513
   227/299     26.4G   0.04165  0.008548  0.004928   0.05513        89       640    0.5162    0.3494    0.3644    0.2093   0.08973   0.02133   0.01487
   228/299     26.4G    0.0378  0.008815   0.00632   0.05293       123       640    0.6775    0.2713    0.3378    0.1993   0.08965   0.02169   0.01495
   229/299     26.4G   0.04064  0.009164  0.004614   0.05442       136       640    0.4347    0.3415      0.34    0.1959   0.08963   0.02209   0.01518
   230/299     26.4G    0.0466  0.009895  0.005452   0.06195       143       640    0.4205     0.375    0.3718    0.2086   0.08761   0.02272   0.01665
   231/299     26.4G   0.04277  0.009589  0.005814   0.05817       138       640    0.4586    0.3995    0.3806    0.2129   0.08687   0.02296   0.01644
   232/299     26.4G   0.04302  0.009091  0.005736   0.05785       118       640    0.6973    0.3218    0.3664    0.2043    0.0871   0.02275   0.01482
   233/299     26.4G   0.04326  0.009205    0.0104   0.06286       152       640    0.4702    0.3356    0.3503    0.2011   0.08737   0.02268   0.01473
   234/299     26.4G    0.0387  0.009833  0.003806   0.05234       153       640    0.4003     0.354    0.3439    0.2001   0.08745   0.02231   0.01464
   235/299     26.4G   0.03609  0.009498  0.005051   0.05064       129       640    0.3667    0.4416    0.3756    0.2062   0.08661    0.0221   0.01537
   236/299     26.4G    0.0423  0.009803  0.004368   0.05647       137       640    0.4865    0.3494     0.375     0.212   0.08602   0.02219   0.01777
   237/299     26.4G   0.04037   0.00938  0.006181   0.05593       152       640    0.5459    0.3313    0.3782    0.2158   0.08606    0.0222   0.01816
   238/299     26.4G   0.03765  0.009545  0.005083   0.05228       142       640    0.4449    0.3314    0.3415    0.2028   0.08616   0.02285   0.01678
   239/299     26.4G   0.03963  0.009847   0.00522    0.0547       155       640    0.4022    0.3728    0.3655    0.2134   0.08614    0.0223   0.01704
   240/299     26.4G   0.04233  0.009378  0.006327   0.05804       110       640    0.4893    0.3866    0.3805    0.2156   0.08651     0.022   0.01693
   241/299     26.4G   0.04169  0.009024  0.004989   0.05571       120       640    0.4724    0.3812    0.3712    0.2154   0.08743   0.02206   0.01328
   242/299     26.4G   0.03549   0.01006   0.00422   0.04977       151       640    0.4912    0.3633    0.3618    0.2059    0.0875   0.02203   0.01282
   243/299     26.4G   0.04263  0.009116    0.0048   0.05654       161       640    0.4387    0.3679    0.3533    0.2067   0.08779   0.02195   0.01346
   244/299     26.4G   0.03766  0.009513  0.004669   0.05185       138       640    0.4765    0.3449    0.3262     0.181   0.08941   0.02174   0.01431
   245/299     26.4G   0.03949  0.009555  0.005389   0.05444       146       640    0.6055     0.285    0.3363    0.1948   0.08915    0.0215   0.01462
   246/299     26.4G   0.03642  0.009231  0.004208   0.04986       129       640    0.4979    0.3679    0.3473    0.1998   0.08771   0.02194   0.01456
   247/299     26.4G   0.03752  0.009492  0.004653   0.05166       122       640    0.4753    0.3449    0.3598    0.2043   0.08672   0.02263   0.01477
   248/299     26.4G   0.03866  0.009654  0.004102   0.05242       161       640    0.5959    0.2853    0.3625    0.2121   0.08623   0.02315   0.01612
   249/299     26.4G   0.03914   0.00903  0.003588   0.05176       110       640    0.5431    0.3083    0.3767    0.2151    0.0868   0.02307   0.01609
   250/299     26.4G   0.03801  0.009036  0.005648    0.0527       141       640    0.5417    0.3123    0.3774    0.2183   0.08702   0.02298   0.01425
   251/299     26.4G   0.04305   0.00948  0.005575   0.05811       111       640    0.4469    0.4034    0.3838    0.2181   0.08777   0.02271   0.01407
   252/299     26.4G   0.03449  0.009395  0.003592   0.04748       123       640    0.4046    0.3585     0.356    0.2069   0.08732   0.02215   0.01709
   253/299     26.4G     0.032  0.009175  0.003307   0.04448       144       640    0.5906    0.3082    0.3745    0.2098   0.08719   0.02184   0.01834
   254/299     26.4G   0.03657  0.008818  0.004584   0.04997       123       640    0.5767    0.3174    0.3815    0.2176   0.08735   0.02158    0.0163
   255/299     26.4G   0.04523   0.00927  0.004224   0.05873       166       640    0.5248    0.3125    0.3645    0.2155   0.08827   0.02155   0.01463
   256/299     26.4G   0.03605  0.009178  0.003415   0.04865       177       640    0.5808    0.3082    0.3625    0.2186   0.08849   0.02174    0.0142
   257/299     26.4G    0.0386  0.008789  0.004948   0.05233       110       640    0.5107    0.3286    0.3665    0.2209   0.08752   0.02189   0.01448
   258/299     26.4G   0.03851  0.009043  0.005752   0.05331       135       640    0.5607    0.3772    0.4016    0.2319   0.08654   0.02215   0.01404
   259/299     26.4G   0.03767  0.009325  0.003745   0.05074       137       640    0.5357    0.3909    0.4082    0.2388   0.08609   0.02249   0.01388
   260/299     26.4G    0.0395  0.008056  0.004097   0.05166        93       640    0.5162    0.3496    0.3775    0.2199   0.08627   0.02319   0.01498
   261/299     26.4G   0.03945  0.009059  0.003735   0.05224       131       640    0.4068    0.3542    0.3538    0.2115   0.08638   0.02338   0.01581
   262/299     26.4G   0.04682  0.009193  0.004257   0.06027       112       640    0.4159    0.3634    0.3579    0.2127   0.08594   0.02306   0.01539
   263/299     26.4G   0.03734  0.009157  0.002955   0.04945       102       640    0.3893     0.414    0.3786    0.2251   0.08522   0.02271   0.01581
   264/299     26.4G   0.03907  0.009358  0.006003   0.05443       131       640    0.4371    0.4141    0.3962    0.2375   0.08505   0.02232   0.01536
   265/299     26.4G   0.04553  0.009577  0.004619   0.05973       177       640     0.436    0.4233    0.3997    0.2322   0.08511   0.02236   0.01562
   266/299     26.4G   0.04095  0.009355  0.002938   0.05325       123       640    0.4624    0.3588    0.3841    0.2267   0.08547   0.02239   0.01485
   267/299     26.4G   0.04145  0.009207  0.004155   0.05481       133       640    0.4089    0.3955    0.3834    0.2242   0.08598   0.02221   0.01386
   268/299     26.4G   0.04245  0.008611  0.004192   0.05525       111       640    0.4464    0.3633    0.3936    0.2164   0.08606   0.02205   0.01341
   269/299     26.4G   0.04562  0.009321  0.003977   0.05892       166       640    0.5633    0.3356     0.397    0.2237     0.086   0.02211   0.01349
   270/299     26.4G   0.04113  0.009462  0.003398   0.05399       138       640    0.5987    0.3433    0.3994    0.2201   0.08602   0.02224   0.01391
   271/299     26.4G   0.03809  0.008362   0.00471   0.05116       144       640    0.6564    0.3358    0.4068    0.2297   0.08558   0.02255   0.01382
   272/299     26.4G   0.03779  0.008283  0.003315   0.04939       118       640    0.5167    0.4232    0.4169    0.2444   0.08513   0.02262   0.01373
   273/299     26.4G   0.03879  0.008706  0.003067   0.05056       114       640     0.626    0.3355    0.3933    0.2366   0.08509   0.02276   0.01416
   274/299     26.4G   0.04155  0.008743  0.003557   0.05385       149       640    0.5133    0.3847    0.3873    0.2323   0.08543   0.02269   0.01444
   275/299     26.4G   0.04442  0.008923   0.00347   0.05682       124       640     0.539    0.3859     0.392     0.231   0.08554   0.02255   0.01363
   276/299     26.4G   0.03373   0.00899  0.003325   0.04605       113       640     0.461    0.4278    0.3978    0.2295   0.08564   0.02233   0.01339
   277/299     26.4G   0.03167  0.008903  0.002832   0.04341       128       640    0.4572    0.4001    0.3873    0.2311   0.08573   0.02243   0.01385
   278/299     26.4G   0.04162  0.009137  0.006817   0.05757       147       640    0.4361    0.3863    0.3754    0.2223    0.0863   0.02238   0.01386
   279/299     26.4G   0.03852  0.008987  0.002599    0.0501       116       640    0.5634    0.3448    0.3858    0.2273   0.08603   0.02225   0.01385
   280/299     26.4G   0.03672  0.008415  0.002856   0.04799       138       640    0.5718    0.3868    0.4079    0.2341   0.08556   0.02229   0.01414
   281/299     26.4G   0.03639  0.008517  0.003504   0.04841       122       640    0.5223    0.4094    0.4214    0.2361   0.08534   0.02245   0.01458
   282/299     26.4G   0.03507   0.00883  0.002419   0.04632       137       640    0.4706    0.4511    0.4267    0.2384   0.08539   0.02245   0.01489
   283/299     26.4G   0.03875  0.008679  0.002872    0.0503       130       640    0.4714    0.4371    0.4289    0.2405   0.08518   0.02253   0.01476
   284/299     26.4G   0.03574  0.009114  0.002456   0.04731       100       640    0.5299    0.4047    0.4206    0.2325   0.08507   0.02271   0.01493
   285/299     26.4G   0.03612  0.009231    0.0025   0.04785       147       640    0.6213    0.3912    0.4331    0.2348   0.08534   0.02269   0.01537
   286/299     26.4G   0.03973  0.008703  0.003275   0.05171       112       640     0.556     0.419    0.4313    0.2335   0.08588   0.02222    0.0158
   287/299     26.4G   0.04356  0.008577  0.004575   0.05671       113       640    0.5121    0.4373    0.4283     0.239   0.08594   0.02196   0.01565
   288/299     26.4G   0.03627  0.008855  0.002703   0.04782       178       640    0.6309    0.4217    0.4519    0.2424   0.08595   0.02194   0.01599
   289/299     26.4G   0.03439  0.009429  0.002596   0.04641       128       640    0.5826    0.3865    0.4132    0.2368   0.08576   0.02224   0.01669
   290/299     26.4G   0.03342  0.009255  0.002346   0.04502       124       640    0.4964    0.4373    0.4107     0.237   0.08569   0.02221   0.01612
   291/299     26.4G   0.03588  0.008798  0.003954   0.04863       166       640    0.5225    0.4418    0.4227     0.245   0.08563   0.02216   0.01507
   292/299     26.4G   0.03396   0.00795  0.002578   0.04448       155       640    0.5465    0.4277    0.4367    0.2463   0.08551   0.02244   0.01468
   293/299     26.4G   0.03578  0.008191  0.002687   0.04666       113       640    0.4703    0.4371    0.4147    0.2376   0.08551   0.02269   0.01478
   294/299     26.4G   0.03794  0.008426  0.002834    0.0492       131       640    0.5647    0.3544    0.3962    0.2363   0.08603   0.02282     0.015
   295/299     26.4G   0.03845  0.009139  0.002844   0.05043       148       640    0.6162    0.3635    0.3918     0.235   0.08622    0.0226   0.01479
   296/299     26.4G   0.03838  0.008858  0.002203   0.04944       111       640    0.6049    0.3634    0.4044    0.2419   0.08601   0.02236   0.01445
   297/299     26.4G   0.03631  0.008787  0.002399   0.04749       145       640    0.6179    0.3773    0.4207    0.2452   0.08593   0.02224   0.01436
   298/299     26.4G   0.03843  0.008817  0.003812   0.05106       146       640    0.5823    0.4233    0.4325    0.2517    0.0865   0.02175   0.01369
   299/299     26.4G   0.03475  0.008918  0.002211   0.04588       128       640    0.5762     0.409    0.4365    0.2514   0.08688   0.02148   0.01353
