     0/299      2.8G   0.08288   0.01709   0.01731    0.1173        43       640  0.002077    0.1472 0.0004775 9.862e-05    0.1205   0.02297   0.01892
     1/299     12.5G   0.07966   0.01551   0.01628    0.1114        79       640  0.003195    0.1656  0.001167 0.0002243    0.1185     0.022   0.01837
     2/299     13.6G   0.07804   0.01386   0.01592    0.1078        76       640  0.005319    0.1562  0.002353 0.0004951     0.115   0.02202   0.01774
     3/299     13.6G   0.07526   0.01324    0.0152    0.1037        54       640  0.009154     0.179   0.00449 0.0008744    0.1105   0.02295    0.0172
     4/299     13.6G   0.07264   0.01342   0.01474    0.1008        49       640   0.01288    0.1101  0.006649  0.001582    0.1066    0.0238   0.01667
     5/299     13.6G   0.06899    0.0133   0.01436   0.09664        50       640   0.01911    0.2204    0.0116  0.003088    0.1034   0.02449   0.01619
     6/299     13.6G   0.06494   0.01354   0.01347   0.09196        52       640   0.03163    0.1744   0.02013  0.005717    0.1003   0.02527   0.01576
     7/299     13.6G   0.06339    0.0139   0.01332    0.0906        36       640   0.06351     0.202   0.04396   0.01473   0.09659   0.02584   0.01549
     8/299     13.6G   0.05977   0.01422     0.013   0.08699        47       640   0.09279    0.3257    0.0805   0.02554    0.0929   0.02645   0.01529
     9/299     13.6G   0.05822   0.01469   0.01258    0.0855        80       640    0.1398    0.2936    0.1131   0.04035   0.08975   0.02691   0.01518
    10/299     13.6G   0.05566   0.01463   0.01216   0.08246        67       640    0.2041    0.3119    0.1832   0.07555   0.08665   0.02725   0.01485
    11/299     13.6G   0.05434   0.01423   0.01228   0.08086        79       640     0.265    0.3363    0.2374    0.1099   0.08475   0.02688   0.01458
    12/299     13.6G    0.0518   0.01364   0.01261   0.07805        54       640    0.3574    0.3805    0.2862    0.1427   0.08132   0.02678   0.01447
    13/299     13.6G   0.04961   0.01303   0.01234   0.07499        47       640    0.5184    0.3899    0.3175     0.144   0.08013   0.02568   0.01446
    14/299     13.6G   0.04871   0.01374   0.01258   0.07504        63       640     0.585      0.39    0.3499    0.1788   0.08029   0.02424   0.01439
    15/299     13.6G   0.04799   0.01199    0.0126   0.07258        61       640    0.8417    0.3565    0.3685    0.1864   0.07885   0.02336   0.01429
    16/299     13.6G   0.04814   0.01148   0.01289   0.07251        46       640    0.8654    0.3624      0.39    0.2014   0.07814   0.02261   0.01434
    17/299     13.6G   0.04741   0.01036   0.01325   0.07102        52       640    0.8785    0.3429    0.3887     0.161   0.07867   0.02189   0.01422
    18/299     13.6G   0.04715    0.0106     0.012   0.06975        64       640    0.8598    0.3531    0.4041    0.2366   0.07779    0.0218   0.01435
    19/299     13.6G    0.0467   0.01026   0.01247   0.06943        46       640    0.3012    0.5194    0.4194    0.2121   0.07923   0.02121   0.01437
    20/299     13.6G   0.04612  0.009714   0.01318   0.06901        71       640    0.3391    0.5133    0.4285    0.2516   0.07652   0.02176   0.01459
    21/299     13.6G   0.04654   0.01004   0.01281   0.06939        57       640    0.3073     0.524    0.4241    0.1959   0.08039   0.02063   0.01479
    22/299     13.6G   0.04583  0.009127   0.01189   0.06684        55       640    0.8899    0.3575    0.4253    0.2412   0.07763   0.02116   0.01481
    23/299     13.6G   0.04596  0.009229   0.01179   0.06697        43       640    0.3452    0.5333    0.4492    0.2359   0.07909   0.02092   0.01496
    24/299     13.6G   0.04502  0.009302   0.01232   0.06664        38       640    0.3651    0.4777    0.4271    0.2249   0.08252   0.02068   0.01508
    25/299     13.6G   0.04614  0.009233   0.01208   0.06745        59       640    0.3223     0.524    0.4324    0.2501   0.08368   0.02002   0.01531
    26/299     13.6G   0.04797  0.009523   0.01119   0.06869        39       640    0.3574    0.4824    0.4326    0.2307   0.08416   0.02001   0.01514
    27/299     13.6G    0.0453  0.009721   0.01206   0.06708        65       640    0.3331    0.5147    0.4445    0.2677   0.08843    0.0184   0.01564
    28/299     13.6G   0.04323   0.00883   0.01057   0.06264        31       640    0.3085    0.5238    0.4309    0.2143   0.08734   0.01891   0.01527
    29/299     13.6G   0.04914  0.009127   0.01246   0.07073        57       640     0.789    0.2889     0.326    0.1355   0.08854   0.01947   0.01566
    30/299     13.6G   0.04973  0.009103   0.01233   0.07116        58       640    0.7842    0.3757    0.3851    0.1887   0.08849   0.02036   0.01568
    31/299     13.6G   0.04502  0.009929    0.0115   0.06645        64       640    0.3726    0.4221    0.3867    0.1775   0.08872   0.02062   0.01553
    32/299     13.6G   0.05232  0.008935   0.01257   0.07383        63       640    0.3415    0.4272    0.3708    0.1931   0.08914   0.02049   0.01512
    33/299     13.6G   0.05218  0.009453   0.01228   0.07392        60       640    0.4581    0.4036    0.3875    0.2199   0.08855   0.01989   0.01506
    34/299     13.6G   0.05066  0.008989   0.01189   0.07154        50       640    0.3629     0.463    0.3952    0.2153   0.08971   0.01922   0.01461
    35/299     13.6G    0.0552  0.009639   0.01317   0.07801        47       640    0.4434    0.3629    0.3654    0.1675   0.09028   0.01946   0.01476
    36/299     13.6G   0.04929  0.009463   0.01209   0.07084        52       640    0.3464    0.4644    0.3954    0.2014   0.08853   0.01958   0.01524
    37/299     13.6G   0.05043  0.009395   0.01171   0.07153        45       640    0.3185    0.4411    0.3897    0.1856   0.08954   0.01989   0.01547
    38/299     13.6G   0.05135  0.009959    0.0133    0.0746        56       640    0.3417    0.3309    0.2689    0.1237   0.09478   0.01936   0.01519
    39/299     13.6G   0.04762  0.009369   0.01206   0.06905        56       640    0.2785    0.3036    0.2276    0.1042   0.09594   0.01965   0.01527
    40/299     13.6G   0.04803  0.009887     0.012   0.06992        52       640    0.2929    0.4276    0.2791    0.1239   0.09153   0.01949   0.01482
    41/299     13.6G   0.04313  0.009297   0.01107    0.0635        59       640    0.3608    0.4365    0.3431    0.1723    0.0872   0.01951   0.01466
    42/299     13.6G   0.04811  0.009144   0.01119   0.06845        38       640    0.3326    0.4318    0.3256    0.1458   0.08938   0.01933   0.01454
    43/299     13.6G   0.04974  0.009801   0.01182   0.07136        50       640    0.3293    0.4549    0.3586    0.1861    0.0868   0.01981   0.01445
    44/299     13.6G   0.04983  0.009698   0.01322   0.07275        50       640    0.3537    0.4639    0.3908    0.1959    0.0853   0.02015   0.01397
    45/299     13.6G   0.04804   0.01006   0.01207   0.07017        48       640    0.6025    0.3857    0.3745    0.1791   0.08431    0.0206   0.01395
    46/299     13.6G   0.05062   0.01012   0.01239   0.07312        52       640    0.3025     0.432    0.3421    0.1553   0.08598   0.02044   0.01405
    47/299     13.6G   0.04913   0.01078   0.01206   0.07197        51       640    0.3653    0.4506    0.3682    0.1734   0.08248   0.02124    0.0141
    48/299     13.6G   0.04939  0.009368   0.01144    0.0702        58       640    0.3197    0.4966    0.4119    0.2197   0.08187    0.0205   0.01376
    49/299     13.6G   0.04603  0.009508   0.01284   0.06838        66       640    0.3577    0.5312     0.412    0.1959   0.08181   0.02048   0.01362
    50/299     13.6G   0.04383  0.009353   0.01132    0.0645        61       640    0.3049    0.5453    0.4198    0.2413   0.08101   0.02093    0.0135
    51/299     13.6G   0.04362  0.009244   0.01204   0.06491        54       640    0.4626    0.4132    0.4056    0.2316   0.08056   0.02106   0.01346
    52/299     13.6G   0.04737  0.009956   0.01038   0.06771        50       640    0.5339    0.3949    0.3977    0.1599   0.08461   0.02028   0.01396
    53/299     13.6G   0.04801   0.01049   0.01118   0.06968        41       640    0.4263    0.4584     0.404    0.2471   0.08197   0.02046   0.01445
    54/299     13.6G   0.04258  0.009261   0.01106   0.06291        72       640    0.4909     0.441    0.4436    0.2655   0.08062   0.02032   0.01505
    55/299     13.6G   0.04576  0.009368   0.01213   0.06726        60       640    0.4357    0.4776     0.457    0.2663   0.08161   0.01988   0.01503
    56/299     13.6G   0.03851  0.009331  0.009982   0.05782        33       640    0.5363    0.3899    0.3874    0.2298   0.08509   0.02038   0.01457
    57/299     13.6G   0.04547  0.009492   0.01114    0.0661        42       640    0.4797     0.394    0.3871    0.2315    0.0864   0.02033   0.01431
    58/299     13.6G   0.03772   0.01013  0.009542    0.0574        41       640    0.5017    0.3769    0.3529    0.2004   0.09042   0.02012   0.01505
    59/299     13.6G   0.04779   0.01045   0.01177   0.07001        55       640    0.2849    0.4321    0.3396    0.1711   0.09097   0.01926   0.01412
    60/299     13.6G   0.04978   0.01064   0.01192   0.07235        52       640    0.2331    0.4139    0.2676    0.1483   0.09124   0.02228   0.01407
    61/299     13.6G   0.04828    0.0109   0.01095   0.07014        54       640     0.285    0.2432    0.2112    0.1101   0.09836   0.02255   0.01578
    62/299     13.6G   0.05058    0.0111   0.01142    0.0731        57       640    0.3188    0.1334    0.1186   0.05458   0.09959   0.02247    0.0147
    63/299     13.6G   0.05312   0.01161   0.01214   0.07686        46       640    0.2613    0.2393     0.147   0.08437   0.09881   0.02223    0.0148
    64/299     13.6G   0.04989   0.01187   0.01194    0.0737        49       640    0.1264    0.1102   0.02476   0.01045   0.09549   0.02669    0.0144
    65/299     13.6G   0.05634   0.01083   0.01269   0.07987        51       640    0.1119    0.1379   0.04542   0.01604   0.09559   0.02545   0.01522
    66/299     13.6G   0.05552   0.01258    0.0139   0.08199        51       640    0.2119     0.046    0.0145   0.01048   0.09894   0.03997   0.01611
    67/299     13.6G   0.05758   0.01221   0.01332   0.08312        61       640   0.04665   0.07824   0.01598   0.01046    0.1018   0.05956   0.01617
    68/299     13.6G   0.05734   0.01286   0.01241   0.08261        54       640   0.02905    0.1196   0.01102  0.005208    0.1022      0.03   0.01727
    69/299     13.6G   0.05429   0.01209   0.01233   0.07871        46       640    0.2614   0.06893   0.04044   0.01833   0.09894   0.02529   0.01662
    70/299     13.6G   0.05245   0.01146   0.01359    0.0775        37       640    0.6208   0.09646    0.1059   0.05098   0.09073   0.02626   0.01497
    71/299     13.6G   0.04881   0.01169   0.01257   0.07307        71       640    0.2686    0.1333    0.1175   0.06035   0.08507   0.02808   0.01413
    72/299     13.6G   0.05026   0.01179   0.01141   0.07345        46       640    0.2687    0.1196    0.1088   0.05656   0.08322   0.02828   0.01345
    73/299     13.6G    0.0493   0.01189   0.01262   0.07381        59       640    0.1704    0.2026    0.1239   0.06616   0.08532   0.02703    0.0134
    74/299     13.6G   0.05107    0.0118   0.01234   0.07521        49       640     0.661    0.1196    0.1495   0.08063   0.08184   0.02753    0.0136
    75/299     13.6G   0.05003   0.01174   0.01307   0.07484        62       640    0.4761    0.1426    0.1827    0.1025   0.08445   0.02609   0.01449
    76/299     13.6G   0.04903   0.01209   0.01249   0.07361        50       640    0.4926    0.1748    0.2095    0.1162   0.08537   0.02538   0.01415
    77/299     13.6G   0.04884   0.01186   0.01198   0.07268        62       640    0.4356    0.1977    0.2162    0.1212   0.08291   0.02617   0.01398
    78/299     13.6G    0.0497   0.01146   0.01129   0.07245        52       640    0.5887    0.1747    0.2271    0.1271   0.08011   0.02685   0.01334
    79/299     13.6G    0.0476   0.01246   0.01187   0.07193       100       640    0.3635    0.2254     0.225    0.1226   0.07927   0.02694   0.01326
    80/299     13.6G   0.04795   0.01147   0.01126   0.07068        70       640    0.2947    0.2203    0.2245    0.1283    0.0797    0.0265   0.01298
    81/299     13.6G    0.0488   0.01136   0.01241   0.07258        33       640    0.2776    0.2624    0.2299    0.1317   0.08108   0.02608    0.0129
    82/299     13.6G   0.04552    0.0121   0.01123   0.06885        75       640     0.292    0.2622     0.234    0.1359   0.08182   0.02562   0.01275
    83/299     13.6G   0.04704   0.01181   0.01125   0.07009        94       640    0.3056    0.2714    0.2449     0.139   0.08175   0.02533   0.01264
    84/299     13.6G   0.04389   0.01174   0.01289   0.06852        52       640    0.3406    0.2805    0.2551    0.1476   0.08174   0.02483   0.01281
    85/299     13.6G   0.04487   0.01181   0.01208   0.06876        55       640     0.371    0.2853    0.2623    0.1543   0.07812   0.02565    0.0128
    86/299     13.6G   0.04605   0.01074   0.01134   0.06812        53       640    0.3544    0.2801    0.2756     0.164   0.07833   0.02532   0.01259
    87/299     13.6G   0.04144   0.01084   0.01064   0.06293        68       640    0.3748    0.2621    0.2794    0.1601   0.07914   0.02505   0.01257
    88/299     13.6G     0.042   0.01066   0.01107   0.06374        51       640    0.5151    0.2528    0.2975    0.1717   0.08106   0.02444   0.01246
    89/299     13.6G   0.04215   0.01145   0.01166   0.06526        50       640    0.5685    0.2574    0.3075    0.1729   0.08381   0.02326   0.01251
    90/299     13.6G   0.04018    0.0109   0.01016   0.06124        71       640    0.3354    0.3819    0.3087    0.1813   0.08578   0.02245   0.01273
    91/299     13.6G   0.04469   0.01102   0.01099    0.0667        32       640    0.3821    0.3589    0.3292    0.1979   0.08621   0.02189   0.01279
    92/299     13.6G   0.04375   0.01041   0.01013   0.06429        72       640    0.3962     0.382    0.3404    0.2061   0.08433   0.02255   0.01267
    93/299     13.6G   0.04571   0.01031   0.01121   0.06723        43       640    0.5116    0.3313    0.3458    0.2197   0.08399   0.02313   0.01251
    94/299     13.6G   0.04425   0.01143   0.01072    0.0664        56       640    0.5184    0.3497    0.3441    0.2065   0.08533   0.02281   0.01295
    95/299     13.6G   0.04446   0.01072   0.01026   0.06544        47       640    0.4109    0.3542    0.3244    0.1928    0.0885   0.02237   0.01311
    96/299     13.6G   0.04353   0.01082   0.01121   0.06555        71       640    0.5213    0.3084    0.3266    0.1909   0.08796   0.02219   0.01251
    97/299     13.6G     0.043   0.01054   0.01038   0.06392        33       640    0.5139    0.3319    0.3259    0.1982   0.08639   0.02243   0.01225
    98/299     13.6G    0.0403   0.01082  0.009312   0.06043        75       640     0.407    0.3177    0.3082    0.1804   0.08676   0.02328   0.01255
    99/299     13.6G   0.04362   0.01094   0.01001   0.06457        47       640    0.4357    0.2901    0.3131    0.1812   0.08726   0.02271   0.01301
   100/299     13.6G   0.04339   0.01008   0.01021   0.06368        53       640    0.3558    0.3893    0.3432    0.1989   0.08658     0.022   0.01269
   101/299     13.6G   0.03952   0.01004  0.009935   0.05949        55       640    0.4521    0.3353    0.3597     0.206   0.08566   0.02211   0.01246
   102/299     13.6G    0.0375   0.01098  0.008602   0.05708        67       640      0.51    0.3498    0.3609     0.216   0.08455   0.02244   0.01222
   103/299     13.6G   0.04151    0.0108  0.009599   0.06191        44       640     0.407    0.3221    0.3187    0.1909   0.08525   0.02391   0.01222
   104/299     13.6G   0.04288    0.0108    0.0112   0.06487        63       640    0.4231    0.2575    0.2476    0.1409   0.08821   0.02542    0.0126
   105/299     13.6G    0.0428   0.01151   0.01123   0.06553        69       640    0.4328    0.3542     0.326    0.1819   0.08851   0.02341   0.01266
   106/299     13.6G   0.04089   0.01059  0.009843   0.06133        59       640     0.378    0.3222    0.3183    0.1816   0.08858   0.02406   0.01368
   107/299     13.6G   0.04013   0.01179  0.009049   0.06097        77       640    0.7382    0.2534    0.3516    0.1935   0.08532   0.02408   0.01305
   108/299     13.6G   0.04127   0.01118  0.009639   0.06209        51       640    0.4087    0.4463    0.3823    0.2092   0.08549   0.02243   0.01231
   109/299     13.6G   0.03895   0.01115  0.009547   0.05966        57       640    0.4124    0.4835    0.4015    0.2184   0.08659    0.0214   0.01229
   110/299     13.6G   0.04114   0.01039  0.009115   0.06064        55       640    0.4477    0.4278    0.4021    0.2306   0.08782   0.02053   0.01235
   111/299     13.6G   0.03647  0.009749  0.007604   0.05382        54       640    0.4981    0.4086    0.3982    0.2285   0.08822    0.0202   0.01243
   112/299     13.6G   0.03624  0.009892  0.008931   0.05507        62       640    0.6279    0.3946    0.4157    0.2452   0.08675    0.0205   0.01264
   113/299     13.6G   0.03951   0.01077  0.008761   0.05904        62       640    0.5862     0.382    0.4158    0.2423   0.08411   0.02147   0.01284
   114/299     13.6G   0.03679  0.009711  0.009218   0.05572        73       640    0.6613    0.3591     0.435     0.245   0.08451   0.02149   0.01272
   115/299     13.6G    0.0354   0.01058  0.007586   0.05357        65       640    0.6154    0.3849    0.4277    0.2477   0.08524   0.02113   0.01256
   116/299     13.6G   0.03914  0.009963  0.009127   0.05823        55       640    0.6599    0.3772    0.4455    0.2463   0.08525   0.02125   0.01257
   117/299     13.6G   0.03954  0.009547  0.009101   0.05819        58       640    0.5704     0.414    0.4383    0.2472   0.08517   0.02184   0.01258
   118/299     13.6G   0.04052   0.01144  0.008443   0.06041        47       640    0.5638     0.373    0.3893    0.2182   0.08711   0.02146   0.01317
   119/299     13.6G   0.04415   0.01108  0.008991   0.06423        60       640    0.3771    0.4824    0.3817      0.22   0.08612   0.02109   0.01321
   120/299     13.6G   0.04298    0.0111   0.00872   0.06281        49       640    0.4726    0.4192    0.4027    0.2314   0.08501   0.02107   0.01314
   121/299     13.6G   0.04012   0.01079  0.008461   0.05937        54       640    0.6377     0.381    0.4077    0.2365   0.08457   0.02184   0.01219
   122/299     13.6G   0.03998   0.01053  0.008823   0.05933        58       640    0.6557    0.3759    0.4026    0.2264   0.08485   0.02279   0.01188
   123/299     13.6G   0.03624   0.01127  0.007488     0.055        46       640    0.7034    0.3658    0.3939    0.2214   0.08559   0.02263   0.01194
   124/299     13.6G   0.04288   0.01084  0.009157   0.06288        43       640    0.5761    0.3564    0.3832    0.2171   0.08571   0.02263   0.01194
   125/299     13.6G   0.04301   0.01088  0.009374   0.06326        54       640    0.5468    0.3175     0.358    0.2187   0.08682   0.02269   0.01246
   126/299     13.6G   0.04271   0.01154  0.009697   0.06395        81       640    0.4206    0.3715    0.3365    0.2024   0.08562   0.02323   0.01185
   127/299     13.6G    0.0428   0.01101  0.009648   0.06345        60       640    0.5681    0.2344    0.2674    0.1565   0.08741   0.02384   0.01249
   128/299     13.6G    0.0466   0.01194   0.01003   0.06857        69       640    0.4609    0.2255    0.2031     0.108   0.09334   0.02483   0.01398
   129/299     13.6G   0.04803   0.01183   0.01139   0.07125        50       640    0.3916    0.2717    0.2245    0.1182   0.09358   0.02441   0.01403
   130/299     13.6G   0.04743   0.01201  0.009603   0.06904        52       640     0.448    0.2254    0.2434    0.1257   0.09243   0.02426    0.0141
   131/299     13.6G   0.04915   0.01086   0.01088   0.07088        39       640     0.584    0.2573    0.2771    0.1519   0.08968   0.02375   0.01294
   132/299     13.6G   0.04321   0.01066    0.0106   0.06447        47       640    0.5447    0.2733    0.2973    0.1551   0.08978   0.02332   0.01202
   133/299     13.6G   0.04514   0.01161   0.01115    0.0679        61       640     0.636    0.2619    0.3304    0.1692   0.08888   0.02292   0.01212
   134/299     13.6G   0.04247   0.01201   0.01023   0.06472        52       640    0.4972    0.3081    0.3434    0.1848   0.08785    0.0224   0.01271
   135/299     13.6G   0.04307   0.01124  0.009556   0.06386        69       640    0.4271    0.3128    0.3222    0.1743   0.08625   0.02256   0.01306
   136/299     13.6G   0.04323    0.0106   0.01005   0.06388        57       640    0.4185    0.3127    0.3142     0.173   0.08577   0.02289   0.01308
   137/299     13.6G   0.04224   0.01051  0.009464   0.06222        48       640    0.5354    0.2806    0.3213     0.183   0.08596   0.02277   0.01302
   138/299     13.6G   0.04185   0.01092  0.009769   0.06254        61       640    0.7317    0.2899    0.3525    0.1999    0.0863   0.02234   0.01289
   139/299     13.6G   0.03944   0.01046  0.009467   0.05937        49       640    0.6182    0.3359    0.3725     0.213   0.08589     0.022   0.01237
   140/299     13.6G   0.04136   0.01136  0.009836   0.06255        41       640      0.85    0.3084     0.393    0.2286   0.08592   0.02183   0.01207
   141/299     13.6G   0.04312   0.01015  0.009105   0.06238        53       640    0.8194    0.3222    0.4036    0.2336   0.08551   0.02178   0.01205
   142/299     13.6G    0.0398   0.01038  0.008784   0.05897        61       640    0.7249    0.3437    0.4157    0.2435   0.08508    0.0217   0.01203
   143/299     13.6G   0.03914   0.01025  0.009111   0.05851        37       640    0.7154    0.3268    0.4096    0.2335   0.08481   0.02162   0.01201
   144/299     13.6G   0.04176   0.01053  0.008149   0.06045        45       640    0.6952    0.3405    0.4185    0.2448   0.08404   0.02189   0.01176
   145/299     13.6G   0.03728  0.009623    0.0081     0.055        48       640    0.5591    0.3958    0.4221     0.248   0.08387   0.02189   0.01183
   146/299     13.6G   0.03765  0.009662  0.009034   0.05634        67       640    0.6922    0.3637    0.4426    0.2571    0.0844   0.02133   0.01203
   147/299     13.6G   0.03596  0.009348  0.007828   0.05314        47       640    0.6691    0.4049    0.4538    0.2624   0.08448   0.02089   0.01209
   148/299     13.6G   0.03748  0.009596  0.008827   0.05591        36       640    0.6295    0.4135    0.4671    0.2673   0.08377   0.02105   0.01193
   149/299     13.6G   0.03969   0.01039  0.008671   0.05875        39       640    0.5463    0.4601    0.4778     0.271   0.08338    0.0213   0.01166
   150/299     13.6G   0.03478  0.009558  0.007789   0.05212        48       640    0.5249    0.4413     0.476    0.2668   0.08288   0.02147   0.01154
   151/299     13.6G   0.03881   0.01038  0.008497   0.05768        61       640    0.6243    0.4326    0.4917    0.2848   0.08151   0.02181   0.01145
   152/299     13.6G   0.03845   0.01001  0.009029   0.05749        63       640    0.5524    0.4557    0.4892    0.2893   0.08089   0.02184    0.0115
   153/299     13.6G   0.03856   0.00979  0.009303   0.05765        70       640    0.5929    0.4188    0.4887    0.2837   0.08139   0.02164   0.01163
   154/299     13.6G   0.03478  0.009935  0.008032   0.05275        51       640    0.5805    0.4279    0.4751    0.2889   0.08193   0.02162   0.01139
   155/299     13.6G   0.03553    0.0093  0.008125   0.05296        38       640    0.6168    0.4325    0.4804    0.2923   0.08187   0.02147   0.01139
   156/299     13.6G   0.03356   0.01049   0.00734   0.05139        42       640    0.6366    0.4138    0.4795    0.2932   0.08176   0.02102   0.01177
   157/299     13.6G   0.03583  0.009668   0.00798   0.05347        45       640    0.5582    0.4169    0.4649    0.2818   0.08166    0.0212    0.0121
   158/299     13.6G   0.03729  0.009992  0.008851   0.05613        59       640    0.5932    0.4142    0.4605    0.2806   0.08047   0.02191    0.0121
   159/299     13.6G    0.0319  0.009829  0.007574    0.0493        52       640    0.5934     0.428    0.4754    0.2868   0.07998   0.02192   0.01197
   160/299     13.6G   0.03321   0.00987  0.008159   0.05124        60       640    0.6035    0.4259    0.4898    0.2958   0.07956   0.02171   0.01188
   161/299     13.6G   0.03129  0.008932  0.007438   0.04766        54       640    0.5956    0.4234    0.4991    0.2983    0.0796   0.02154   0.01193
   162/299     13.6G   0.03325  0.009058  0.007577   0.04989        52       640    0.6616    0.4004    0.4947    0.2943   0.07989   0.02137   0.01225
   163/299     13.6G   0.03272   0.00857  0.006924   0.04821        53       640    0.7226    0.4045    0.5011    0.2949   0.07967   0.02123    0.0123
   164/299     13.6G   0.03154   0.00928  0.006633   0.04745        73       640    0.6728     0.426    0.4979    0.2969   0.07975   0.02091    0.0124
   165/299     13.6G   0.03172  0.009026  0.007006   0.04775        52       640    0.6832    0.4141    0.5037    0.3069    0.0794   0.02083   0.01242
   166/299     13.6G   0.03526  0.009358    0.0073   0.05192        37       640    0.5882    0.4558    0.5119     0.301    0.0793   0.02099   0.01255
   167/299     13.6G   0.03142  0.009881  0.006291   0.04759        60       640    0.6671    0.4463     0.523    0.3081   0.07924   0.02103   0.01238
   168/299     13.6G   0.03513  0.008526  0.007224   0.05088        35       640    0.7461    0.4371    0.5396    0.3244   0.07861   0.02126   0.01194
   169/299     13.6G   0.03182  0.008255  0.007124    0.0472        40       640    0.6483    0.4786     0.543    0.3197   0.07836   0.02147   0.01203
   170/299     13.6G   0.03328  0.009085  0.006321   0.04869        55       640    0.6449    0.4971     0.532    0.3183   0.07798   0.02137   0.01196
   171/299     13.6G   0.03023  0.009301  0.006482   0.04601        67       640    0.6462    0.5017    0.5313    0.3156   0.07827   0.02102    0.0119
   172/299     13.6G   0.03379  0.009158  0.007735   0.05068        84       640    0.6611    0.4832    0.5192    0.3081    0.0779    0.0212    0.0118
   173/299     13.6G   0.03255  0.008948  0.006216   0.04772        62       640    0.6284    0.4925    0.5182    0.3091   0.07715   0.02166   0.01172
   174/299     13.6G   0.03526  0.009121  0.006194   0.05057        77       640    0.6476    0.4462     0.502    0.3127   0.07727   0.02157   0.01189
   175/299     13.6G    0.0302  0.008975  0.005886   0.04506        64       640    0.6146    0.4509    0.4993    0.3086   0.07676   0.02151   0.01207
   176/299     13.6G   0.03235  0.009184  0.006312   0.04785        46       640    0.6049    0.4324    0.4963     0.301   0.07705   0.02149   0.01226
   177/299     13.6G   0.03315  0.008971  0.007089   0.04921        68       640    0.5584    0.4648    0.5075    0.3132   0.07702    0.0216   0.01181
   178/299     13.6G    0.0343  0.008477  0.006044   0.04882        28       640    0.6754    0.4557    0.5284    0.3165   0.07633    0.0217   0.01154
   179/299     13.6G   0.03493  0.009048  0.005974   0.04995        71       640    0.6901    0.4737    0.5345    0.3287   0.07566   0.02191   0.01147
   180/299     13.6G   0.03362  0.008571  0.007816   0.05001        73       640    0.7353    0.4419    0.5195      0.32   0.07617    0.0217   0.01171
   181/299     13.6G   0.03118  0.008764  0.006007   0.04596        48       640    0.7097    0.4502    0.5189    0.3184   0.07737   0.02121   0.01181
   182/299     13.6G   0.02719  0.008766  0.005642   0.04159        41       640    0.6152    0.4878    0.5168    0.3112   0.07831   0.02101   0.01207
   183/299     13.6G   0.02841  0.008865  0.004807   0.04208        59       640    0.6459    0.4464    0.5044    0.3093   0.07865   0.02095   0.01221
   184/299     13.6G   0.02528  0.008772  0.004015   0.03807        61       640    0.6682    0.4372    0.5035    0.3114   0.07852   0.02096    0.0121
   185/299     13.6G    0.0307  0.008208  0.004728   0.04363        63       640    0.6652    0.4234    0.5047    0.3084   0.07849   0.02102   0.01196
   186/299     13.6G   0.02909  0.008489  0.005418   0.04299        68       640    0.7192    0.4234    0.5105    0.3109    0.0781   0.02131   0.01175
   187/299     13.6G   0.03053  0.008655  0.005331   0.04451        55       640    0.7054    0.4234    0.5139    0.3183   0.07806   0.02126   0.01167
   188/299     13.6G   0.03117  0.008862  0.005914   0.04595        79       640    0.7072    0.4235    0.5074    0.3116   0.07777   0.02108   0.01214
   189/299     13.6G   0.02463  0.008506  0.004044   0.03718        81       640    0.6685    0.4419    0.5184    0.3173   0.07745   0.02107   0.01215
   190/299     13.6G   0.03261  0.008633  0.005407   0.04665        39       640    0.6596     0.497    0.5284     0.319    0.0773   0.02118   0.01168
   191/299     13.6G   0.03083  0.008409  0.005247   0.04448        50       640    0.6589    0.5016     0.533    0.3264   0.07688   0.02127   0.01141
   192/299     13.6G   0.03085  0.008353  0.004814   0.04401        52       640    0.6585    0.5013    0.5422    0.3237   0.07654   0.02134   0.01112
   193/299     13.6G   0.03441  0.008411  0.005627   0.04845        51       640    0.5686    0.5492     0.545    0.3301   0.07659   0.02141   0.01091
   194/299     13.6G   0.02818  0.008377  0.004316   0.04088        48       640    0.6286    0.5293    0.5478    0.3397   0.07634   0.02133   0.01096
   195/299     13.6G   0.03079  0.008302  0.004586   0.04368        50       640    0.6352    0.5286    0.5486    0.3362   0.07659   0.02112   0.01104
   196/299     13.6G   0.02894  0.008291  0.003901   0.04113        36       640    0.6668    0.4971    0.5451    0.3364   0.07642   0.02103   0.01109
   197/299     13.6G   0.02981  0.008006  0.004296   0.04211        65       640    0.7568    0.4464    0.5439    0.3441   0.07638   0.02096   0.01101
   198/299     13.6G    0.0332  0.008464  0.004881   0.04654        54       640    0.7869    0.4508    0.5533    0.3523    0.0761   0.02111   0.01081
   199/299     13.6G   0.03088   0.00902  0.005445   0.04535        57       640     0.824    0.4511    0.5726    0.3472   0.07603    0.0211   0.01087
   200/299     13.6G   0.02815  0.007855   0.00477   0.04078        78       640    0.6562    0.5108    0.5667    0.3373   0.07601    0.0211   0.01114
   201/299     13.6G   0.02842  0.007984  0.004597     0.041        38       640    0.7796    0.4554    0.5674    0.3338   0.07618   0.02112   0.01128
   202/299     13.6G   0.02916  0.008545   0.00469   0.04239        53       640    0.5966    0.5524    0.5422    0.3371   0.07656   0.02116   0.01108
   203/299     13.6G   0.02802  0.008529  0.004559   0.04111        75       640    0.5717    0.5432    0.5346    0.3328   0.07682   0.02118   0.01097
   204/299     13.6G   0.02705  0.008578  0.003775    0.0394        61       640    0.5676    0.5445    0.5308    0.3307   0.07647   0.02133   0.01084
   205/299     13.6G   0.02843  0.007802  0.004271    0.0405        47       640    0.6507     0.511    0.5359    0.3255   0.07631   0.02143   0.01084
   206/299     13.6G    0.0277   0.00823  0.003251   0.03918        73       640    0.6048    0.5339    0.5329    0.3311   0.07579   0.02149   0.01087
   207/299     13.6G   0.02953  0.007828  0.004074   0.04143        58       640    0.6029    0.5244    0.5291    0.3232   0.07552    0.0215   0.01102
   208/299     13.6G   0.02896  0.008348  0.004821   0.04213        66       640    0.5842    0.5431     0.532    0.3246   0.07558   0.02146   0.01122
   209/299     13.6G   0.03006   0.00845  0.003979   0.04249        71       640    0.5783    0.5523    0.5559    0.3272   0.07545   0.02144   0.01137
   210/299     13.6G    0.0289  0.007843  0.004257     0.041        55       640    0.5867    0.5612    0.5587    0.3312   0.07585   0.02114    0.0119
   211/299     13.6G   0.03283  0.007807  0.004813   0.04545        66       640    0.7678    0.4833    0.5732    0.3427   0.07565    0.0212   0.01168
   212/299     13.6G   0.02508  0.007895  0.003549   0.03652        47       640     0.673    0.5422    0.5689     0.344   0.07562   0.02119   0.01181
   213/299     13.6G    0.0282  0.007788  0.004172   0.04016        83       640    0.6358     0.543     0.574    0.3415   0.07529   0.02135   0.01152
   214/299     13.6G   0.02943  0.007717  0.004096   0.04125        47       640    0.5787    0.5754    0.5808    0.3406   0.07531    0.0215   0.01146
   215/299     13.6G   0.03115  0.008262  0.003369   0.04278        47       640    0.7099    0.5055    0.5809    0.3302   0.07591   0.02127   0.01163
   216/299     13.6G   0.02953  0.008388  0.005062   0.04297        65       640    0.7113    0.4955    0.5747    0.3277   0.07647   0.02099   0.01185
   217/299     13.6G   0.02751  0.008599  0.004128   0.04024        48       640    0.6018     0.515     0.546    0.3293   0.07658   0.02092   0.01196
   218/299     13.6G   0.03115  0.008421  0.004272   0.04385        51       640     0.673    0.5149    0.5734    0.3305   0.07589   0.02118   0.01159
   219/299     13.6G   0.02563  0.007668  0.003162   0.03646        64       640    0.6918    0.5146    0.5704    0.3313   0.07568   0.02131   0.01147
   220/299     13.6G   0.02894  0.007723  0.004676   0.04134        50       640    0.5905    0.5338    0.5692    0.3254   0.07558   0.02136   0.01176
   221/299     13.6G   0.02541  0.008149  0.003916   0.03747        65       640    0.7284    0.4692    0.5767    0.3346   0.07563   0.02126    0.0118
   222/299     13.6G   0.02652  0.008261  0.004191   0.03897        44       640    0.7444    0.4555     0.569    0.3329    0.0757   0.02114   0.01204
   223/299     13.6G   0.02417  0.007845  0.003115   0.03513        39       640    0.7525    0.4501    0.5629    0.3354   0.07575   0.02121   0.01229
   224/299     13.6G   0.02708  0.008133  0.003362   0.03858        73       640    0.6248    0.5479    0.5796    0.3385    0.0755   0.02141   0.01233
   225/299     13.6G   0.02735  0.008147  0.003718   0.03921        60       640    0.6336    0.5089    0.5445    0.3377    0.0751   0.02165   0.01192
   226/299     13.6G   0.02974  0.007432  0.003939   0.04111        38       640    0.6478    0.5062    0.5447    0.3318   0.07502   0.02167   0.01146
   227/299     13.6G   0.02736  0.008245  0.003258   0.03886        59       640    0.7794     0.483    0.5747    0.3325   0.07503   0.02158   0.01116
   228/299     13.6G   0.02709   0.00833  0.003043   0.03846        53       640    0.5903    0.5247    0.5319    0.3368   0.07522    0.0214    0.0114
   229/299     13.6G   0.02902  0.007687   0.00411   0.04082        44       640    0.7093    0.4879    0.5567    0.3348   0.07526    0.0216   0.01146
   230/299     13.6G   0.02741  0.007457  0.002815   0.03768        61       640    0.7368    0.4925    0.5618    0.3308   0.07567   0.02173    0.0116
   231/299     13.6G    0.0275  0.007172  0.003228    0.0379        45       640    0.7354    0.4787    0.5655    0.3373   0.07572   0.02172   0.01184
   232/299     13.6G   0.02638  0.008627  0.003405   0.03841        72       640    0.7015    0.4876    0.5689     0.334    0.0755   0.02163   0.01196
   233/299     13.6G   0.02581  0.008017  0.003296   0.03712        52       640     0.703    0.4879    0.5724    0.3392   0.07546   0.02148   0.01205
   234/299     13.6G    0.0276  0.007918  0.003419   0.03893        53       640    0.7126    0.4879    0.5666    0.3347   0.07537   0.02141   0.01197
   235/299     13.6G   0.02663  0.007906  0.003938   0.03848        43       640     0.759    0.4604    0.5591    0.3279   0.07544   0.02142   0.01203
   236/299     13.6G   0.02938  0.008036  0.003492   0.04091        72       640    0.7186    0.4925    0.5679    0.3274   0.07504   0.02153   0.01173
   237/299     13.6G   0.02571  0.008123  0.003047   0.03688        50       640    0.7412    0.5326    0.5835    0.3379   0.07445   0.02162   0.01126
   238/299     13.6G   0.02651   0.00863  0.002954   0.03809        51       640    0.6955     0.532    0.5853    0.3377   0.07441    0.0216   0.01101
   239/299     13.6G   0.02782  0.007605  0.003617   0.03904        44       640    0.5638    0.5985    0.5816    0.3314   0.07474   0.02146   0.01099
   240/299     13.6G   0.02481  0.007724  0.002768   0.03531        56       640    0.5816    0.5568    0.5497    0.3366   0.07471   0.02148   0.01121
   241/299     13.6G   0.02717  0.008262  0.002953   0.03838        72       640    0.6013    0.5383    0.5519    0.3391   0.07467   0.02141   0.01134
   242/299     13.6G   0.02771  0.008198  0.002925   0.03883        51       640    0.6065    0.5338    0.5619    0.3441   0.07436   0.02143   0.01159
   243/299     13.6G   0.02881  0.007835  0.003137   0.03978        62       640    0.7827    0.4969    0.5927    0.3492   0.07435   0.02134   0.01169
   244/299     13.6G   0.02658  0.008137  0.002761   0.03748        37       640    0.8287    0.4924    0.5881    0.3542   0.07457   0.02127   0.01174
   245/299     13.6G   0.02581  0.008039  0.002781   0.03663        52       640    0.7494    0.5196    0.5906     0.355    0.0747   0.02127   0.01149
   246/299     13.6G   0.03096  0.007962  0.003411   0.04233        44       640    0.8333    0.4797    0.5823    0.3553   0.07477   0.02125   0.01148
   247/299     13.6G    0.0253  0.008156  0.002729   0.03618        52       640    0.7961    0.4693    0.5581    0.3435   0.07502   0.02124   0.01159
   248/299     13.6G   0.02715  0.007501   0.00305    0.0377        54       640    0.7735    0.4831    0.5532    0.3345   0.07514   0.02124   0.01156
   249/299     13.6G   0.02719  0.008133  0.003701   0.03902        71       640    0.7656    0.4832    0.5703    0.3405   0.07498   0.02128   0.01104
   250/299     13.6G   0.02746  0.007773  0.003029   0.03826        51       640    0.7588    0.5054     0.592    0.3551   0.07489   0.02123   0.01088
   251/299     13.6G   0.02716  0.007553  0.002999   0.03772        60       640    0.7754    0.5058    0.5809    0.3495   0.07489    0.0211   0.01115
   252/299     13.6G   0.02637  0.007584  0.002436   0.03639        53       640    0.7461     0.511    0.5812    0.3425   0.07466   0.02111    0.0113
   253/299     13.6G   0.02621  0.007842  0.003015   0.03707        48       640    0.7314    0.5107    0.5807     0.342   0.07422   0.02122   0.01117
   254/299     13.6G   0.02856  0.008178  0.003464   0.04021        55       640    0.6178    0.5568     0.578     0.342   0.07396   0.02133   0.01102
   255/299     13.6G   0.02456  0.007781  0.002208   0.03455        46       640     0.627     0.543    0.5749    0.3338   0.07398    0.0213   0.01109
   256/299     13.6G   0.02308  0.007459  0.002242   0.03278        59       640    0.7216    0.5017    0.5622    0.3283   0.07428   0.02118   0.01127
   257/299     13.6G   0.02509   0.00726  0.002639   0.03499        71       640    0.7602    0.5107    0.5833    0.3442   0.07427   0.02115    0.0112
   258/299     13.6G   0.02973  0.007555  0.002923   0.04021        56       640    0.8264    0.4647    0.5867    0.3419   0.07453   0.02104   0.01147
   259/299     13.6G     0.028  0.007595  0.002721   0.03832        66       640    0.6451    0.5469    0.5878    0.3473   0.07447   0.02111   0.01145
   260/299     13.6G   0.02772  0.007957  0.002567   0.03825        43       640    0.8334    0.4694    0.5849    0.3457    0.0743   0.02127   0.01158
   261/299     13.6G   0.02451  0.007836  0.002808   0.03516        54       640    0.8493    0.4602    0.5819    0.3434   0.07434   0.02135   0.01164
   262/299     13.6G   0.02898   0.00817  0.002963   0.04012        65       640    0.8473    0.4648    0.5837    0.3476   0.07394   0.02153   0.01141
   263/299     13.6G   0.02852  0.007457  0.002907   0.03888        41       640    0.7612    0.5015    0.5957    0.3582   0.07366   0.02175   0.01095
   264/299     13.6G   0.02907  0.008041  0.002444   0.03955        43       640    0.5934    0.5796    0.5742    0.3609   0.07335   0.02194    0.0106
   265/299     13.6G   0.02971  0.007865  0.003389   0.04096        52       640    0.5771     0.551     0.556     0.348   0.07352   0.02185   0.01079
   266/299     13.6G   0.02655  0.007375  0.003053   0.03698        51       640    0.7189    0.4833    0.5766      0.35    0.0737   0.02171   0.01136
   267/299     13.6G   0.02663  0.007821  0.003037   0.03749        35       640    0.7053    0.4923    0.5762    0.3465   0.07367   0.02171   0.01151
   268/299     13.6G    0.0277  0.007824  0.003696   0.03922        51       640    0.6633      0.52    0.5777     0.349   0.07343   0.02171   0.01133
   269/299     13.6G   0.02381  0.007624   0.00201   0.03344        57       640    0.6637    0.5384    0.5787    0.3468   0.07339    0.0217   0.01116
   270/299     13.6G    0.0293  0.007644  0.002487   0.03943        66       640    0.6837    0.5416     0.584    0.3454   0.07308   0.02178   0.01101
   271/299     13.6G   0.02891   0.00775  0.002733   0.03939        48       640      0.69     0.543     0.587     0.352   0.07275   0.02192   0.01086
   272/299     13.6G   0.02754  0.008034   0.00323   0.03881        39       640    0.6587     0.538    0.5937      0.35   0.07277   0.02188   0.01088
   273/299     13.6G   0.02582  0.007629  0.002387   0.03583        49       640    0.6921    0.5293    0.6033    0.3528   0.07272   0.02184   0.01085
   274/299     13.6G   0.02759  0.007669  0.002962   0.03822        49       640    0.6674     0.555    0.6181    0.3645   0.07276    0.0218   0.01108
   275/299     13.6G   0.02819  0.007401  0.002705   0.03829        49       640    0.7126    0.5367    0.6039    0.3624   0.07288   0.02172   0.01139
   276/299     13.6G   0.02522  0.007502  0.002466   0.03519        59       640    0.7026    0.5365    0.5942    0.3546   0.07269    0.0218   0.01161
   277/299     13.6G   0.02826  0.007465  0.002773    0.0385        87       640    0.8022     0.497    0.5923    0.3533   0.07259   0.02187   0.01156
   278/299     13.6G   0.02484  0.007611  0.002507   0.03496        50       640    0.7936    0.5155    0.5927    0.3542   0.07243    0.0219    0.0113
   279/299     13.6G   0.02537  0.007982  0.002694   0.03604        53       640     0.788    0.5066    0.5905    0.3512   0.07254   0.02191   0.01111
   280/299     13.6G   0.02541  0.007196  0.002593    0.0352        49       640    0.7441    0.5337    0.5884    0.3509   0.07267   0.02191   0.01093
   281/299     13.6G    0.0253  0.007752  0.002348    0.0354        69       640    0.7049    0.5246    0.5564    0.3525   0.07262    0.0219   0.01059
   282/299     13.6G   0.02699  0.007844  0.002171   0.03701        66       640    0.6782    0.5153    0.5604    0.3536   0.07223   0.02207   0.01016
   283/299     13.6G   0.02634  0.007595  0.003193   0.03713        56       640    0.6618    0.5338    0.5681    0.3554   0.07211   0.02214   0.01003
   284/299     13.6G   0.02601  0.007658  0.001638   0.03531        52       640    0.6683    0.5336    0.5694    0.3521   0.07208   0.02215   0.01004
   285/299     13.6G   0.02612  0.007889  0.002295    0.0363        54       640    0.6474    0.5292    0.5561    0.3461   0.07222    0.0222    0.0101
   286/299     13.6G   0.02713  0.008189  0.002628   0.03794        55       640    0.6523    0.5381    0.5841    0.3442   0.07251   0.02209   0.01019
   287/299     13.6G   0.02558  0.008282  0.002491   0.03635        52       640    0.6994    0.5246    0.5908    0.3517   0.07253    0.0221   0.01008
   288/299     13.6G   0.03008  0.007719  0.004109   0.04191        59       640    0.7209    0.5242    0.6023    0.3573   0.07251   0.02211  0.009822
   289/299     13.6G   0.02505  0.007534  0.003485   0.03607        72       640     0.704    0.5246    0.5989    0.3577   0.07237   0.02218   0.01004
   290/299     13.6G   0.03001   0.00708  0.002329   0.03942        36       640    0.6778    0.5401    0.5932    0.3582   0.07238    0.0222   0.01062
   291/299     13.6G   0.02603  0.007253  0.002307   0.03559        35       640    0.6927     0.538    0.5943     0.358   0.07241   0.02219   0.01077
   292/299     13.6G   0.02511  0.007887  0.001838   0.03483        44       640    0.7229    0.5154    0.5988    0.3543   0.07246   0.02212   0.01073
   293/299     13.6G   0.02666   0.00789   0.00218   0.03673        80       640    0.7876     0.511    0.6024    0.3616   0.07242    0.0221   0.01076
   294/299     13.6G   0.02747  0.007439  0.001973   0.03689        58       640    0.7972    0.5082    0.5913    0.3597   0.07233   0.02206   0.01093
   295/299     13.6G   0.02455  0.007051  0.001984   0.03358        57       640    0.7708     0.511    0.5938    0.3564   0.07228   0.02208   0.01086
   296/299     13.6G   0.02713  0.007489  0.002274   0.03689        64       640    0.7143    0.5431    0.6016    0.3588   0.07216     0.022   0.01064
   297/299     13.6G   0.02382  0.007339  0.002211   0.03337        48       640     0.758    0.5339    0.6043     0.363   0.07217   0.02193   0.01055
   298/299     13.6G   0.02657  0.007461  0.002487   0.03651        55       640    0.7762    0.5017    0.6076    0.3587   0.07212   0.02194   0.01079
   299/299     13.6G   0.02757  0.007545   0.00226   0.03738        51       640    0.7048    0.5201    0.5972    0.3482    0.0721   0.02198   0.01116
