     0/299     2.91G   0.08504   0.01757   0.01708    0.1197        71       640  0.003789    0.2253  0.001644  0.000303    0.1173   0.02355   0.01849
     1/299     12.5G   0.07833   0.01546   0.01588    0.1097        62       640   0.02049     0.179   0.01126  0.002887    0.1061   0.02464   0.01689
     2/299     13.6G   0.07118   0.01522   0.01426    0.1007        72       640   0.07733    0.2342   0.05072   0.01393   0.09614   0.02624   0.01543
     3/299     13.6G   0.06357   0.01494   0.01256   0.09107        91       640    0.1844    0.2936    0.1623   0.06006   0.08993   0.02628   0.01497
     4/299     13.6G    0.0581   0.01391   0.01303   0.08504        70       640    0.2288    0.5098     0.259    0.1108   0.08169   0.02587    0.0146
     5/299     13.6G   0.05534   0.01408   0.01267   0.08209        69       640    0.2644    0.5426    0.3272    0.1551   0.08295    0.0228   0.01429
     6/299     13.6G   0.05246   0.01239   0.01181   0.07666        86       640    0.3825    0.5376    0.4156    0.1825   0.08348   0.02049   0.01407
     7/299     13.6G   0.04942   0.01133   0.01265    0.0734        63       640    0.8833    0.3614    0.4298    0.1946   0.08108   0.01925   0.01413
     8/299     13.6G    0.0489   0.01096   0.01317   0.07303        91       640    0.8712     0.344    0.4182    0.1851   0.08569   0.01736   0.01403
     9/299     13.6G   0.05466  0.009531   0.01226   0.07645        59       640    0.1898    0.2709   0.08826   0.01498    0.1017    0.0158   0.01429
    10/299     13.6G   0.05199  0.009482    0.0123   0.07377        51       640    0.1989    0.5147    0.2742   0.06281   0.09592   0.01595   0.01445
    11/299     13.6G   0.05026  0.009913    0.0126   0.07277        68       640    0.5686    0.4178    0.4151    0.2015   0.08899   0.01682    0.0147
    12/299     13.6G   0.04866  0.009504   0.01207   0.07023        56       640    0.3878    0.4824    0.3615    0.1851    0.0925   0.01614   0.01497
    13/299     13.6G   0.04883  0.008956   0.01224   0.07003        62       640    0.3376    0.4777    0.4223    0.2075   0.08391   0.01743   0.01463
    14/299     13.6G   0.04754  0.009547   0.01185   0.06894        90       640     0.244    0.5423    0.3532    0.1545   0.08513   0.01714   0.01442
    15/299     13.6G   0.04679  0.009365   0.01142   0.06758        86       640    0.3899    0.4684    0.4287    0.2108   0.07704   0.01896   0.01399
    16/299     13.6G   0.04537  0.009909   0.01182    0.0671        84       640    0.3265    0.5054    0.3943    0.1839   0.07558    0.0198   0.01378
    17/299     13.6G   0.04369  0.009149   0.01103   0.06387        67       640    0.4994     0.473    0.4573    0.2495   0.07203   0.01994   0.01367
    18/299     13.6G   0.04445  0.009581   0.01089   0.06491        52       640    0.5217     0.477    0.4583    0.2358   0.07216   0.02012   0.01333
    19/299     13.6G   0.04209  0.009749   0.01053   0.06237        70       640    0.3834    0.4913    0.4225     0.219   0.07264   0.02035    0.0129
    20/299     13.6G    0.0448  0.009479   0.00977   0.06405        60       640    0.2663    0.5931    0.4224    0.2199    0.0827   0.01832   0.01289
    21/299     13.6G   0.05046   0.01009   0.01129   0.07184        90       640    0.5596    0.4364    0.4174    0.2009   0.09799   0.01732   0.01332
    22/299     13.6G   0.05435    0.0117   0.01202   0.07807        75       640     0.691    0.1743    0.1676   0.07409    0.1015   0.01978   0.01466
    23/299     13.6G    0.0635   0.01192   0.01259   0.08801        62       640 0.0002404    0.0367  1.89e-05 3.168e-06    0.1272    0.1296   0.01847
    24/299     13.6G   0.07017   0.01067   0.01308   0.09393        62       640  0.001359   0.05963 0.0001867 2.253e-05    0.1179   0.02458   0.01883
    25/299     13.6G   0.07459   0.01151   0.01314   0.09924        84       640    0.5008   0.01376 0.0001352 2.435e-05    0.1259   0.02151   0.02161
    26/299     13.6G   0.07088   0.01265    0.0122   0.09573        77       640  0.004327   0.01848 0.0001295 2.875e-05    0.1364    0.2029    0.2801
    27/299     13.6G     0.067   0.01174   0.01175   0.09049        56       640  0.006482   0.04587  0.001702 0.0003579    0.1106   0.02867   0.02151
    28/299     13.6G   0.06728   0.01229   0.01246   0.09203        78       640   0.01033     0.101  0.003766 0.0006864    0.1093   0.03351   0.02329
    29/299     13.6G   0.06266    0.0127   0.01254    0.0879        73       640   0.03006   0.09646    0.0121  0.003689    0.1037   0.02677   0.01508
    30/299     13.6G   0.06219   0.01119   0.01118   0.08456        76       640   0.04352   0.06881   0.01825  0.005771   0.09834   0.02852   0.01383
    31/299     13.6G   0.05865    0.0116   0.01169   0.08194        70       640   0.09624    0.1885   0.05285   0.02038   0.09758   0.02328   0.01362
    32/299     13.6G   0.05764   0.01267   0.01175   0.08206        71       640     0.179    0.1702   0.07593   0.02944   0.09952    0.0217   0.01329
    33/299     13.6G   0.05741    0.0121   0.01257   0.08208        77       640    0.1439    0.1837   0.07826   0.03056   0.09477   0.02244   0.01316
    34/299     13.6G    0.0572   0.01148   0.01242    0.0811        52       640    0.1207     0.193   0.05372   0.01936   0.09542    0.0227   0.01316
    35/299     13.6G   0.05554   0.01142   0.01193   0.07889        86       640    0.1132    0.1885   0.06946   0.03687   0.09946    0.0227   0.01319
    36/299     13.6G   0.05686   0.01157   0.01265   0.08108        94       640  0.007879    0.3493   0.00538  0.001711    0.1067    0.1077   0.05231
    37/299     13.6G    0.0546   0.01132   0.01273   0.07866        73       640   0.05617     0.307   0.03788   0.01488    0.1003   0.02447   0.02022
    38/299     13.6G   0.05076   0.01116   0.01166   0.07358       102       640    0.3221    0.1655    0.1373   0.07061   0.09927   0.02232    0.0131
    39/299     13.6G   0.05281   0.01101   0.01152   0.07534        84       640   0.04335    0.1518   0.01898  0.007765    0.1012   0.06267   0.01453
    40/299     13.6G   0.05711   0.01115   0.01264    0.0809        50       640   0.02562    0.1379   0.01313  0.005153    0.1044   0.02562   0.01565
    41/299     13.6G   0.05565   0.01333   0.01204   0.08101        62       640   0.01889   0.06881  0.008722  0.003382    0.1069   0.09037   0.02838
    42/299     13.6G   0.05693    0.0116   0.01268   0.08121        75       640    0.1855   0.07303   0.07448    0.0358   0.09619   0.02349   0.01332
    43/299     13.6G   0.05362   0.01143   0.01227   0.07731        72       640    0.1664    0.2113    0.1277   0.05742   0.09568   0.02204    0.0133
    44/299     13.6G   0.05124   0.01093    0.0136   0.07577        76       640    0.2451    0.2067    0.1755   0.08951   0.09416    0.0219   0.01296
    45/299     13.6G   0.05268   0.01163   0.01182   0.07612        75       640    0.7178    0.1557    0.1574   0.06447   0.09731   0.02099   0.01503
    46/299     13.6G   0.05381   0.01063   0.01233   0.07677        66       640  0.005667    0.1103  0.002551 0.0007915    0.1104   0.05585   0.06434
    47/299     13.6G   0.05374   0.01197   0.01253   0.07824        62       640   0.02826   0.03211  0.006022  0.002024    0.1047   0.02262   0.01442
    48/299     13.6G   0.05703   0.01214   0.01336   0.08253        63       640   0.07663   0.07339   0.04333   0.02306    0.1032   0.02255   0.01421
    49/299     13.6G   0.05547   0.01278   0.01299   0.08125        62       640    0.1363   0.06881    0.0476   0.01892   0.09963   0.02764   0.01319
    50/299     13.6G   0.05494   0.01109   0.01292   0.07895       104       640   0.03882  0.009174  0.001401 0.0005851    0.1061   0.03424   0.01373
    51/299     13.6G   0.05629   0.01177    0.0121   0.08016        91       640    0.5143  0.009174  0.001688  0.001082     0.107   0.03059   0.01489
    52/299     13.6G   0.05822   0.01206   0.01272   0.08299        74       640  0.006467   0.02294  0.001256 0.0003245    0.1058   0.02959   0.04372
    53/299     13.6G   0.05905   0.01216   0.01266   0.08386        69       640    0.2023    0.1242   0.05746   0.03309    0.1209     0.067     2.034
    54/299     13.6G   0.05696   0.01131   0.01234    0.0806        57       640     0.302     0.129   0.09305   0.03968    0.1058   0.03008    0.1105
    55/299     13.6G   0.05408   0.01132   0.01214   0.07755        61       640   0.09743    0.1089   0.02584  0.009196    0.1144    0.0445      0.36
    56/299     13.6G   0.05515   0.01171   0.01083   0.07769        71       640   0.08459    0.1425   0.03261   0.01277    0.1052   0.03391    0.2223
    57/299     13.6G   0.05341   0.01065   0.01303    0.0771        58       640    0.3619     0.133    0.1786   0.09343   0.09953   0.02245   0.05045
    58/299     13.6G   0.05398   0.01096   0.01262   0.07756        60       640    0.2533    0.2379    0.2009    0.1051   0.09446   0.02001   0.01363
    59/299     13.6G   0.05131   0.01161   0.01223   0.07515        74       640    0.2615    0.1422    0.1705   0.09158   0.09717   0.02215   0.01972
    60/299     13.6G   0.05138   0.01153   0.01197   0.07488        89       640    0.7022    0.1562    0.1626   0.08335   0.09478   0.02143   0.01418
    61/299     13.6G   0.05313   0.01138   0.01205   0.07657        34       640    0.2247    0.2061    0.1345   0.07395   0.09511   0.02252   0.01401
    62/299     13.6G   0.05515   0.01092   0.01168   0.07776        67       640    0.1962    0.2757    0.1657   0.08292    0.0937    0.0217   0.01402
    63/299     13.6G   0.05003   0.01151   0.01314   0.07469        88       640     0.216    0.2895    0.1564   0.06583    0.0956    0.0215   0.01407
    64/299     13.6G   0.05271   0.01087   0.01233   0.07591        51       640    0.5261    0.2111    0.2006    0.1038   0.09267   0.02089    0.0142
    65/299     13.6G   0.04915   0.01245   0.01166   0.07327        64       640    0.2441    0.2894    0.2005   0.09962   0.09372   0.01971   0.01411
    66/299     13.6G   0.05116   0.01167   0.01255   0.07537        56       640    0.2889    0.2712     0.202   0.09967   0.09227   0.02031     0.014
    67/299     13.6G   0.05214   0.01106   0.01164   0.07485        63       640    0.5688    0.1975    0.2113    0.1018   0.09618   0.02097   0.02148
    68/299     13.6G   0.05317   0.01095   0.01222   0.07633        96       640    0.1749     0.156    0.1347   0.06025    0.0964   0.02172   0.01657
    69/299     13.6G   0.05331   0.01162   0.01268    0.0776        86       640    0.7093    0.1277    0.1199   0.06143   0.09658   0.02301   0.01373
    70/299     13.6G   0.05128   0.01138   0.01023   0.07289        50       640   0.07642    0.1933   0.05993     0.036   0.09952   0.02359   0.01596
    71/299     13.6G    0.0509   0.01086   0.01212   0.07387        54       640    0.1188    0.1704     0.104   0.06474   0.09787   0.02233   0.01525
    72/299     13.6G    0.0533   0.01088    0.0125   0.07669       114       640    0.2283    0.2115    0.1523   0.07781   0.09921   0.02145   0.02322
    73/299     13.6G   0.05403   0.01123   0.01102   0.07628        79       640    0.2242    0.1611   0.09678   0.04903   0.09982   0.02263   0.02911
    74/299     13.6G   0.05308    0.0107   0.01204   0.07582        79       640    0.2443     0.216    0.1339    0.0647   0.09731    0.0207   0.02271
    75/299     13.6G   0.05032   0.01191    0.0128   0.07504        44       640    0.2022    0.2206    0.1553    0.0833   0.09857   0.02038   0.02668
    76/299     13.6G   0.04953   0.01145   0.01157   0.07254        46       640     0.443    0.2296    0.2124    0.1107   0.09579   0.01966   0.01369
    77/299     13.6G   0.05237   0.01078   0.01219   0.07534        72       640    0.2292    0.2987    0.2279    0.1189   0.09641   0.01952   0.01345
    78/299     13.6G   0.04913   0.01087   0.01058   0.07058        51       640    0.3645    0.2559    0.2321     0.139   0.09583   0.01916   0.01314
    79/299     13.6G   0.05125   0.01084   0.01271    0.0748        54       640    0.5213    0.2154    0.2304    0.1071   0.09692   0.01898   0.01329
    80/299     13.6G   0.04836   0.01032  0.009929   0.06861        64       640    0.4924    0.2988    0.2732    0.1465   0.09451   0.01892   0.01301
    81/299     13.6G     0.046   0.01054   0.01042   0.06696        64       640    0.6054    0.2713    0.2812    0.1539   0.09407   0.01923   0.01331
    82/299     13.6G   0.04703    0.0106   0.01131   0.06894        75       640    0.3016    0.2806    0.2229    0.1255   0.09643   0.01971   0.01371
    83/299     13.6G   0.04716   0.01116   0.01083   0.06916        56       640    0.5913    0.2022    0.2356    0.1295   0.09482   0.02024   0.01387
    84/299     13.6G   0.04917   0.01126   0.01191   0.07233        81       640    0.5042    0.2564    0.2727    0.1584   0.09479     0.019    0.0133
    85/299     13.6G   0.04785   0.01181   0.01161   0.07128       107       640    0.3313    0.2436    0.2385    0.1356   0.09487    0.0188   0.01379
    86/299     13.6G   0.04776   0.01133   0.01109   0.07019        57       640    0.3517    0.3402    0.2943     0.158   0.09408   0.01874   0.01375
    87/299     13.6G   0.04539   0.01083    0.0112   0.06743        98       640    0.5201    0.3171    0.3327    0.1864   0.09346   0.01848   0.01418
    88/299     13.6G   0.04163   0.01086   0.00997   0.06245        92       640    0.4126    0.3358    0.3262    0.1833   0.09314   0.01903    0.0146
    89/299     13.6G   0.04832   0.01118   0.01081   0.07032        59       640    0.6341     0.321    0.3487    0.1907   0.09257   0.01859   0.01428
    90/299     13.6G   0.04283   0.01071  0.009386   0.06293        56       640    0.4721    0.3217    0.2903    0.1698   0.09223   0.01955   0.01383
    91/299     13.6G   0.04725   0.01091   0.01045   0.06861        48       640    0.3871     0.303    0.2895    0.1637   0.09198   0.01994   0.01321
    92/299     13.6G   0.04816   0.01139   0.01047   0.07001       101       640    0.2386    0.3908     0.264    0.1413    0.0921   0.02035   0.01377
    93/299     13.6G   0.04825   0.01147   0.01147    0.0712        68       640    0.3539    0.3356    0.2826     0.159    0.0906   0.02028   0.01327
    94/299     13.6G   0.04792   0.01168   0.01117   0.07077        87       640    0.4737    0.3263    0.3109    0.1661    0.0907   0.01982   0.01296
    95/299     13.6G   0.04643   0.01082   0.01077   0.06802        70       640    0.3114    0.3954    0.3131    0.1699   0.08987   0.02014   0.01296
    96/299     13.6G   0.04628   0.01102   0.01128   0.06858        62       640    0.3729    0.3909     0.322    0.1713    0.0903   0.01962   0.01335
    97/299     13.6G   0.04672   0.01084   0.01117   0.06873        79       640    0.2847    0.4507    0.3233    0.1784   0.08941    0.0201    0.0134
    98/299     13.6G   0.04204   0.01071  0.009932   0.06268        93       640    0.4784    0.3402    0.3425    0.1928   0.08931   0.01997   0.01302
    99/299     13.6G   0.04306   0.01038   0.00927   0.06271        87       640    0.5029    0.3818    0.3649    0.2049   0.08902   0.02006   0.01284
   100/299     13.6G   0.04842   0.01142  0.009569   0.06941        60       640    0.5905    0.3865    0.3904    0.2235   0.08833   0.02012   0.01235
   101/299     13.6G   0.04563   0.01097  0.009837   0.06644        72       640    0.6288    0.3358    0.3734    0.2155   0.08877   0.01991   0.01259
   102/299     13.6G   0.04124   0.01015  0.008405   0.05979        56       640    0.4863    0.3584    0.3695    0.2186   0.08921   0.01966   0.01301
   103/299     13.6G   0.04736    0.0114   0.01119   0.06996        69       640    0.6556    0.3227    0.3693     0.209   0.09065   0.01892    0.0128
   104/299     13.6G   0.04264   0.01031  0.009788   0.06274        58       640    0.6297    0.3237    0.3628    0.2109   0.09059   0.01862   0.01522
   105/299     13.6G   0.04814   0.01066   0.01009   0.06889        74       640    0.5855    0.3074    0.3289    0.1779   0.08958   0.01985   0.01393
   106/299     13.6G   0.04453    0.0103   0.00823   0.06306        73       640    0.6126    0.2942    0.3329    0.1837   0.08845   0.02022   0.01335
   107/299     13.6G   0.04383   0.01009  0.009413   0.06333        70       640      0.46    0.3403    0.3475    0.1986   0.08883    0.0196   0.01369
   108/299     13.6G   0.04499   0.01049   0.01076   0.06624        53       640    0.6001    0.2987    0.3327    0.1861   0.08981   0.01969   0.01493
   109/299     13.6G   0.04884   0.01079   0.01047    0.0701        78       640    0.5026    0.3217    0.3121    0.1788   0.09016   0.01977   0.01448
   110/299     13.6G   0.04634   0.01069  0.009922   0.06696        48       640    0.4845    0.3265    0.3228    0.1744   0.09148   0.01968   0.01438
   111/299     13.6G   0.04747   0.01069  0.009629   0.06779        81       640    0.5283    0.3307    0.3252     0.185   0.09143   0.02008   0.01329
   112/299     13.6G   0.04516   0.01151  0.009084   0.06575       103       640    0.3975    0.3726    0.3383    0.1999   0.08924   0.01988   0.01266
   113/299     13.6G   0.04106   0.01089   0.00857   0.06052        61       640    0.4061    0.3749    0.3251    0.1883    0.0895   0.02021   0.01232
   114/299     13.6G   0.04596   0.01069  0.008321   0.06497        85       640    0.4254    0.3994    0.3353    0.1969   0.08857    0.0205   0.01235
   115/299     13.6G   0.04817    0.0108   0.01047   0.06943        60       640    0.4831    0.3726    0.3675    0.2067   0.08904   0.01987   0.01221
   116/299     13.6G   0.04687   0.01035  0.008597   0.06582        77       640    0.5517    0.3819    0.3659     0.209   0.08989   0.01958   0.01242
   117/299     13.6G   0.04781   0.01097   0.01096   0.06974        73       640    0.4371    0.3177    0.2754    0.1572   0.09124   0.01982   0.01415
   118/299     13.6G   0.04889   0.01039  0.009356   0.06863        59       640    0.5005    0.3448    0.3346    0.1941   0.08896   0.02063   0.01271
   119/299     13.6G   0.04818   0.01216   0.01054   0.07089        80       640    0.4332    0.3449    0.3312    0.1973   0.08909   0.02007   0.01281
   120/299     13.6G   0.04642   0.01056  0.009608   0.06658        84       640    0.5354    0.3127    0.3429    0.2042   0.08759   0.02014   0.01291
   121/299     13.6G   0.04309   0.01067  0.008505   0.06226        75       640    0.5328     0.331    0.3577    0.2123   0.08741   0.01989   0.01302
   122/299     13.6G   0.04431    0.0107  0.008582   0.06359        49       640    0.5733    0.3176    0.3669    0.2258    0.0866   0.01983   0.01343
   123/299     13.6G    0.0445   0.01061  0.007981   0.06309        72       640    0.4353    0.4646    0.4181    0.2436   0.08568   0.01941    0.0126
   124/299     13.6G   0.04181   0.01055  0.009378   0.06174        71       640     0.522    0.4043    0.3917    0.2413   0.08543   0.01966    0.0126
   125/299     13.6G   0.04462   0.01102  0.009561    0.0652        82       640     0.347    0.4461    0.3836    0.2355   0.08626   0.02017    0.0124
   126/299     13.6G   0.04064   0.01001  0.008156   0.05881        64       640    0.5252    0.3402    0.3834    0.2317   0.08545   0.02121   0.01223
   127/299     13.6G   0.04273    0.0111  0.008814   0.06265        65       640    0.4514    0.3284    0.3557    0.2144   0.08686   0.02057   0.01307
   128/299     13.6G   0.04353   0.01039   0.00854   0.06246       122       640    0.5231    0.3445    0.3744    0.2263   0.08634   0.02064   0.01238
   129/299     13.6G   0.04585   0.01101  0.008361   0.06522        62       640    0.5832    0.3038     0.364    0.2204   0.08654   0.02081   0.01331
   130/299     13.6G   0.04733   0.01089  0.009521   0.06774        90       640    0.5172    0.3405    0.3608    0.2228   0.08524    0.0211   0.01347
   131/299     13.6G    0.0389    0.0102  0.008408   0.05751        76       640    0.6235    0.3359    0.3874    0.2237    0.0852    0.0212   0.01293
   132/299     13.6G    0.0453   0.01083   0.00953   0.06566        47       640    0.7601    0.2737    0.3512    0.2096   0.08555   0.02168    0.0121
   133/299     13.6G   0.04271   0.01106  0.009409   0.06318        55       640    0.5243    0.3633    0.4029    0.2374   0.08417   0.02141   0.01294
   134/299     13.6G   0.04861   0.01052  0.009947   0.06907        63       640    0.4871    0.3126    0.3607    0.2142   0.08424   0.02289   0.01355
   135/299     13.6G   0.04388   0.01083  0.008625   0.06333        77       640    0.5008    0.3035    0.3256    0.1918   0.08673   0.02221   0.01424
   136/299     13.6G   0.04257   0.01126   0.01031   0.06414        90       640    0.5323    0.3402    0.3525    0.2005   0.08774   0.02089   0.01455
   137/299     13.6G   0.04487    0.0105  0.009179   0.06455        63       640    0.4744    0.3262    0.3619    0.2158   0.08664   0.02034   0.01367
   138/299     13.6G    0.0438   0.01084   0.01005   0.06469        62       640    0.5173    0.3496    0.3852    0.2198   0.08616    0.0203   0.01336
   139/299     13.6G   0.04213    0.0105  0.009056   0.06169        60       640    0.3812    0.4685    0.3973    0.2176   0.08614    0.0203   0.01318
   140/299     13.6G   0.04527   0.01051  0.009612    0.0654        40       640    0.5838    0.3406    0.3893    0.2126   0.08695   0.02031   0.01328
   141/299     13.6G   0.04361   0.01017  0.008057   0.06183        60       640    0.4218    0.4263    0.3781    0.2088   0.08645   0.02048   0.01302
   142/299     13.6G   0.04709   0.01073  0.009724   0.06754        43       640    0.5382    0.4502    0.4394    0.2453   0.08509   0.02033   0.01279
   143/299     13.6G   0.04472   0.01037  0.008594   0.06369        79       640    0.5514    0.4047    0.3954    0.2394   0.08454   0.02077   0.01288
   144/299     13.6G   0.04289   0.01052  0.008276   0.06169       100       640    0.4531    0.4554     0.408    0.2451   0.08378   0.02054   0.01335
   145/299     13.6G   0.04491   0.01035   0.00833   0.06359        71       640     0.644    0.3131    0.3812    0.2263   0.08559   0.02094    0.0141
   146/299     13.6G   0.04524   0.01055  0.009286   0.06508        64       640    0.3073     0.244    0.1941    0.1058   0.09064   0.02423   0.01414
   147/299     13.6G   0.05011   0.01106   0.01092   0.07209        87       640    0.3307    0.4188    0.3027     0.164   0.08796   0.02165   0.01406
   148/299     13.6G   0.04781   0.01113  0.009904   0.06885        64       640    0.5853    0.3262    0.3498    0.1913   0.08696   0.02076   0.01375
   149/299     13.6G    0.0441   0.01025   0.01031   0.06466        94       640    0.3616    0.3719    0.3309    0.1927   0.08706   0.02103   0.01374
   150/299     13.6G   0.04877   0.01133  0.009564   0.06967        81       640    0.2888    0.3958    0.2979     0.171   0.08764   0.02071   0.01403
   151/299     13.6G   0.04551   0.01056  0.009784   0.06585        82       640    0.3566    0.3394    0.2982    0.1701   0.08871    0.0221   0.01298
   152/299     13.6G   0.04278   0.01207  0.008865   0.06371        79       640    0.4532    0.3031    0.3018    0.1802   0.08678   0.02233   0.01311
   153/299     13.6G   0.04562   0.01071  0.008336   0.06467        60       640    0.4467    0.3725    0.3647    0.2204   0.08597   0.02018   0.01275
   154/299     13.6G   0.04153    0.0101  0.008766    0.0604        53       640    0.4902    0.3346    0.3691    0.2193   0.08559   0.01997   0.01262
   155/299     13.6G   0.04615   0.01033  0.009536   0.06601        62       640    0.5069    0.3721    0.3905    0.2253   0.08676   0.01942   0.01235
   156/299     13.6G   0.04414   0.01081  0.008737   0.06369        51       640    0.5009    0.3954    0.4056      0.23   0.08758   0.01891   0.01219
   157/299     13.6G   0.04669   0.01013  0.007991   0.06481        76       640    0.5382    0.3954     0.411    0.2289   0.08688   0.01929   0.01231
   158/299     13.6G   0.04362  0.009697  0.008564   0.06188        64       640    0.7781     0.361    0.4141    0.2429   0.08663    0.0194   0.01252
   159/299     13.6G   0.04366   0.01029  0.008039   0.06198        57       640    0.5408    0.3997    0.4091    0.2412    0.0871   0.01916   0.01274
   160/299     13.6G    0.0444   0.01014  0.007761   0.06229        90       640    0.6441    0.3169    0.3774    0.2235   0.08619    0.0199   0.01259
   161/299     13.6G   0.03917   0.01082  0.007591   0.05758        70       640    0.5682    0.3769    0.4095     0.241   0.08655   0.01956   0.01258
   162/299     13.6G   0.04055   0.01039  0.007402   0.05835        79       640    0.3837    0.4414    0.3975    0.2409   0.08591    0.0195   0.01252
   163/299     13.6G   0.04131   0.01068  0.008557   0.06054       108       640    0.4433    0.4458    0.4172    0.2489   0.08459   0.01957   0.01247
   164/299     13.6G   0.04026   0.01042   0.00713    0.0578        84       640    0.4795    0.4279    0.4014    0.2365   0.08574   0.01956   0.01319
   165/299     13.6G   0.04036   0.01037  0.008053   0.05878        48       640    0.4718    0.3909    0.4039    0.2454   0.08655   0.01953   0.01411
   166/299     13.6G    0.0421   0.01037  0.007185   0.05966        87       640    0.4133    0.4434    0.4145    0.2514   0.08702   0.01908   0.01827
   167/299     13.6G   0.04138   0.01057  0.006886   0.05884        79       640    0.3904    0.4816    0.4196    0.2468   0.08722   0.01867   0.01919
   168/299     13.6G   0.03835  0.009766   0.00626   0.05438        82       640    0.4999    0.4187    0.4204    0.2454    0.0863    0.0195   0.01634
   169/299     13.6G    0.0428    0.0101  0.007385   0.06029        54       640    0.6109    0.3359    0.4062    0.2452   0.08577   0.01947   0.01632
   170/299     13.6G   0.03906   0.01044  0.006439   0.05593        47       640    0.4466    0.4048    0.4002    0.2418    0.0858   0.01951   0.01501
   171/299     13.6G    0.0413   0.01082   0.00681   0.05893        65       640    0.5534     0.367    0.4193    0.2422   0.08621   0.01941   0.01474
   172/299     13.6G   0.03967  0.009943  0.008355   0.05796        75       640    0.7608    0.3355    0.4339    0.2522   0.08608    0.0194   0.01392
   173/299     13.6G   0.03991  0.009745  0.007658   0.05731        42       640    0.6137    0.4012    0.4443    0.2588   0.08506   0.01944   0.01356
   174/299     13.6G   0.04184  0.009451  0.007129   0.05842        53       640    0.5595    0.4093    0.4247    0.2484   0.08497   0.01976   0.01369
   175/299     13.6G   0.04088  0.009715  0.007529   0.05812        67       640    0.5921     0.339    0.3974    0.2432   0.08462   0.01988   0.01347
   176/299     13.6G   0.04002   0.01017  0.006695   0.05689        74       640    0.4539    0.4507    0.4183    0.2358    0.0843   0.02011   0.01326
   177/299     13.6G   0.04209  0.009795  0.008223    0.0601        82       640    0.6609     0.363    0.4392    0.2529   0.08363   0.02009   0.01334
   178/299     13.6G   0.03993  0.009917  0.006858    0.0567        60       640    0.7303    0.3757    0.4613    0.2577   0.08371   0.01997   0.01313
   179/299     13.6G   0.04027   0.01106  0.007115   0.05844        52       640    0.4601    0.4639    0.4142    0.2427   0.08375   0.02084   0.01354
   180/299     13.6G   0.03969   0.01002     0.008    0.0577        47       640    0.5068    0.4094     0.427    0.2527    0.0844   0.02001   0.01474
   181/299     13.6G   0.04184  0.009855  0.008243   0.05994        43       640    0.5255    0.4082    0.4287    0.2418   0.08514   0.01987   0.01462
   182/299     13.6G   0.03972   0.01006   0.00953   0.05932        88       640    0.4593    0.4547    0.4072    0.2389   0.08401    0.0201   0.01401
   183/299     13.6G   0.04241   0.01047  0.007572   0.06045        70       640    0.5438    0.4531    0.4239    0.2504   0.08323   0.02009   0.01411
   184/299     13.6G    0.0417   0.01006  0.007782   0.05954        69       640     0.546    0.4554     0.433     0.257   0.08313   0.02024   0.01374
   185/299     13.6G    0.0425  0.009727  0.006645   0.05888        75       640    0.5386    0.5199    0.4796    0.2617   0.08271      0.02   0.01307
   186/299     13.6G   0.03899  0.009642  0.008425   0.05706        97       640    0.6935    0.4278      0.47    0.2569   0.08317   0.01997   0.01276
   187/299     13.6G    0.0415  0.009104  0.006639   0.05724        87       640    0.4805    0.4554     0.448    0.2585   0.08292   0.02059   0.01311
   188/299     13.6G    0.0401  0.009872  0.006669   0.05664        63       640    0.7197    0.4046    0.4783    0.2709   0.08269   0.02023   0.01301
   189/299     13.6G   0.03799  0.009969  0.006236   0.05419        66       640    0.5966    0.4871    0.5059    0.2765   0.08303   0.01983   0.01324
   190/299     13.6G    0.0423  0.009899  0.007999    0.0602        81       640    0.6756    0.5064    0.5133     0.276     0.083   0.01985   0.01397
   191/299     13.6G   0.03806  0.009292  0.006532   0.05388        87       640    0.7355    0.4926    0.5394     0.286   0.08248   0.02004   0.01372
   192/299     13.6G   0.03903  0.009381  0.006236   0.05465        72       640    0.6696    0.4567     0.469    0.2606   0.08252   0.02031   0.01409
   193/299     13.6G   0.03915  0.009598  0.006184   0.05493        57       640    0.6238    0.4743    0.4575    0.2553   0.08243   0.02034   0.01473
   194/299     13.6G   0.03574  0.009408  0.006308   0.05145        80       640    0.5662    0.4921    0.4772    0.2731   0.08152   0.02025   0.01382
   195/299     13.6G   0.03731  0.009559  0.006288   0.05316        45       640    0.4669    0.5062    0.4438    0.2705   0.08205   0.02036    0.0141
   196/299     13.6G   0.04044   0.01042  0.006192   0.05705        73       640    0.5016    0.4693    0.4414    0.2693   0.08175   0.02092   0.01391
   197/299     13.6G   0.03776  0.009777  0.005739   0.05327        62       640    0.6734    0.3914    0.4426    0.2623   0.08142   0.02105   0.01399
   198/299     13.6G   0.04154  0.009808  0.006857   0.05821       106       640    0.6111     0.368     0.412     0.242   0.08189   0.02194   0.01456
   199/299     13.6G   0.03888  0.009219  0.006058   0.05416        77       640    0.6046     0.441    0.4587    0.2649   0.08137   0.02126   0.01427
   200/299     13.6G   0.03641  0.009527  0.005355   0.05129        60       640    0.6799    0.4461    0.4915    0.2842   0.08174   0.02022   0.01449
   201/299     13.6G   0.04089  0.009641  0.005711   0.05624        71       640    0.6863    0.4571    0.4858    0.2854   0.08239   0.01977   0.01484
   202/299     13.6G    0.0362  0.009626  0.006165   0.05199        68       640    0.6385    0.4831     0.493    0.2791   0.08257   0.01976   0.01388
   203/299     13.6G   0.04295  0.009695  0.006583   0.05922        85       640    0.6239    0.5061    0.5064     0.276   0.08206   0.02003    0.0139
   204/299     13.6G   0.04135  0.009347  0.007013   0.05771        95       640    0.6291    0.5108    0.5131    0.2655   0.08251   0.02018   0.01451
   205/299     13.6G   0.03666  0.009108  0.005131   0.05089        41       640    0.6592    0.4875    0.4866    0.2632   0.08203   0.02027   0.01477
   206/299     13.6G   0.04222  0.009061  0.006666   0.05795        66       640    0.5204    0.5014    0.4636    0.2563   0.08221   0.02065   0.01502
   207/299     13.6G   0.03884  0.009739  0.006499   0.05508        32       640    0.5315    0.4692    0.4709    0.2629    0.0826   0.02062   0.01478
   208/299     13.6G   0.03757  0.009211  0.005896   0.05267        51       640    0.6556    0.4785    0.5112    0.2961   0.08204   0.02011   0.01418
   209/299     13.6G   0.04181  0.009947  0.005992   0.05775       147       640    0.6677    0.4832    0.5078    0.2948   0.08225   0.02023   0.01418
   210/299     13.6G   0.04074  0.009017  0.004978   0.05474        77       640    0.6915     0.469    0.5004    0.2984    0.0809   0.02074    0.0137
   211/299     13.6G    0.0376  0.008906  0.005431   0.05194        83       640    0.6153    0.5108    0.5141    0.3102   0.08011   0.02092   0.01337
   212/299     13.6G   0.04161  0.009574  0.004874   0.05605        42       640    0.6097    0.5105    0.5038    0.3064   0.08077   0.02067   0.01354
   213/299     13.6G   0.03786  0.008527  0.005985   0.05237        89       640    0.5377    0.5108    0.4881    0.2949   0.08144   0.02044   0.01353
   214/299     13.6G   0.04027  0.008916  0.006641   0.05583        51       640    0.6685    0.4323    0.4886    0.2928   0.08161   0.02059   0.01351
   215/299     13.6G   0.04055  0.009017  0.006466   0.05604        49       640    0.6047    0.4739    0.4813    0.2763   0.08196   0.02052   0.01399
   216/299     13.6G   0.03871      0.01  0.006396   0.05511       108       640     0.579    0.5027    0.4961    0.2931   0.08171    0.0204   0.01456
   217/299     13.6G   0.03939  0.009556    0.0055   0.05444        92       640    0.6543     0.471    0.4931    0.2907   0.08101   0.02092   0.01353
   218/299     13.6G   0.03693   0.00963  0.005372   0.05193        76       640    0.5315    0.4461    0.4608    0.2731   0.08074   0.02121   0.01356
   219/299     13.6G   0.03831  0.009265  0.004725    0.0523        62       640    0.5652    0.4641    0.4727    0.2794   0.08104   0.02059   0.01376
   220/299     13.6G   0.03751  0.009443  0.005375   0.05233        69       640    0.6493    0.4415    0.4788    0.2749   0.08117   0.02042   0.01354
   221/299     13.6G   0.03781  0.008928  0.006217   0.05296        92       640    0.7747    0.4025    0.4776    0.2829   0.08094   0.02049   0.01405
   222/299     13.6G   0.04072  0.009494  0.005292    0.0555        67       640    0.5894    0.4692    0.4878    0.2906   0.08116   0.02058   0.01329
   223/299     13.6G   0.03706   0.00913  0.005691   0.05188        83       640    0.6359    0.4461    0.4778      0.28   0.08145   0.02065   0.01316
   224/299     13.6G   0.04107  0.009885  0.005772   0.05673        63       640    0.5867    0.4323    0.4677    0.2777   0.08112   0.02073   0.01386
   225/299     13.6G   0.03902  0.009422  0.005925   0.05437        66       640    0.7116    0.4554     0.496    0.2885   0.08015     0.021   0.01346
   226/299     13.6G   0.03802  0.009265    0.0046   0.05189        41       640    0.7073    0.4187    0.5044    0.2892    0.0804   0.02107   0.01331
   227/299     13.6G   0.04154  0.009091  0.006611   0.05725       129       640    0.7207    0.4508    0.4887    0.2845   0.08128   0.02075   0.01343
   228/299     13.6G   0.03881  0.009353  0.005597   0.05376        42       640    0.6454    0.4415    0.4707    0.2741   0.08132   0.02079   0.01387
   229/299     13.6G   0.04081  0.009266  0.004856   0.05493        56       640    0.5048    0.4507    0.4621    0.2669   0.08145   0.02081   0.01416
   230/299     13.6G   0.03787  0.009403  0.005972   0.05324        62       640    0.5374    0.4274    0.4598    0.2771   0.08122   0.02072   0.01427
   231/299     13.6G   0.03781  0.009049    0.0058   0.05266        89       640    0.4825    0.4507    0.4635    0.2813   0.08113   0.02036   0.01459
   232/299     13.6G   0.03858  0.008766  0.005102   0.05245        63       640    0.5593    0.4551    0.4773    0.2839   0.08112   0.02042    0.0141
   233/299     13.6G   0.04101   0.00929  0.007907   0.05821        92       640    0.6403    0.4463    0.5026    0.2923    0.0806   0.02049   0.01462
   234/299     13.6G   0.03637   0.00895  0.005295   0.05061        65       640    0.7489    0.4279    0.5088    0.2972   0.08019   0.02043   0.01511
   235/299     13.6G   0.03797  0.009184  0.006085   0.05324        51       640    0.6167    0.4829    0.4896    0.2934   0.08045   0.02033   0.01427
   236/299     13.6G   0.03784  0.009384    0.0063   0.05353        69       640    0.5897     0.478    0.4912    0.2918   0.08092   0.02038   0.01432
   237/299     13.6G    0.0404   0.01031  0.007013   0.05773        76       640    0.8033    0.4005    0.5027    0.2891   0.08119   0.02012    0.0154
   238/299     13.6G   0.03529  0.009435  0.005407   0.05013        81       640    0.6391    0.4325    0.4889    0.2963   0.08007   0.02052   0.01544
   239/299     13.6G   0.03846  0.009274  0.005048   0.05279        44       640    0.5393    0.4786    0.4892    0.2907    0.0799   0.02078   0.01548
   240/299     13.6G   0.03709  0.009133  0.005034   0.05126        53       640    0.5377    0.4361     0.453    0.2747   0.08082   0.02086   0.01586
   241/299     13.6G    0.0398   0.00963  0.005369    0.0548        64       640    0.6801    0.3862    0.4544    0.2717   0.08134    0.0205   0.01581
   242/299     13.6G   0.03687  0.008764  0.005161   0.05079        69       640    0.5621     0.414    0.4371    0.2734   0.08172   0.02022   0.01677
   243/299     13.6G   0.03277  0.008875  0.004589   0.04624        76       640    0.6488    0.3859    0.4348    0.2756    0.0815   0.02056   0.01619
   244/299     13.6G   0.03858  0.009416  0.006079   0.05407        66       640    0.6203    0.4001    0.4435     0.269   0.08054   0.02103   0.01565
   245/299     13.6G   0.04264   0.00927   0.00724   0.05915        60       640    0.4966    0.4597    0.4403    0.2711   0.07983    0.0211   0.01518
   246/299     13.6G   0.04261  0.008809   0.00556   0.05698        78       640    0.5397    0.4001    0.4315    0.2556   0.08043   0.02146   0.01498
   247/299     13.6G   0.03918  0.009301  0.006713    0.0552        83       640    0.5383    0.4371      0.44    0.2599     0.081   0.02114   0.01545
   248/299     13.6G   0.03831  0.008891  0.005595    0.0528        64       640    0.5981    0.3912    0.4334    0.2571   0.08082   0.02103    0.0161
   249/299     13.6G   0.03763  0.008604  0.004815   0.05105        64       640    0.7043     0.414    0.4774     0.279   0.08012   0.02089    0.0146
   250/299     13.6G   0.03759  0.009239  0.004931   0.05176        50       640    0.6901    0.4369    0.4975    0.2832   0.08007   0.02079   0.01421
   251/299     13.6G   0.03702  0.009305  0.004836   0.05116        58       640    0.5984    0.4876    0.4925    0.2837   0.08046   0.02059   0.01411
   252/299     13.6G   0.03906  0.009461  0.004999   0.05351       109       640    0.6288    0.4693    0.4875    0.2827   0.08094    0.0205   0.01443
   253/299     13.6G   0.03518   0.01008  0.004301   0.04956        69       640    0.5544     0.506     0.484    0.2859   0.08102   0.02049   0.01452
   254/299     13.6G    0.0368  0.009334  0.005236   0.05137        68       640    0.6843    0.4366    0.4826    0.2895   0.08091    0.0204   0.01489
   255/299     13.6G   0.03778  0.008874  0.004542    0.0512        71       640    0.7425    0.4682    0.5058    0.2867   0.08081   0.02041   0.01511
   256/299     13.6G   0.03587  0.009197  0.005429    0.0505        72       640    0.6892    0.4783    0.5147    0.2843   0.08102   0.02043   0.01532
   257/299     13.6G   0.03542  0.009794  0.004321   0.04954        92       640    0.6913    0.4643    0.5111     0.286   0.08083   0.02035   0.01508
   258/299     13.6G   0.03351  0.008315  0.004535   0.04637        42       640    0.6144    0.4967    0.4799    0.2854   0.08021   0.02039    0.0148
   259/299     13.6G   0.03711  0.008736  0.004875   0.05072        70       640    0.6398    0.4783    0.4846    0.2861   0.08015    0.0204   0.01466
   260/299     13.6G   0.03576  0.009201  0.004687   0.04965        54       640    0.5223    0.5104    0.4693    0.2859   0.08035   0.02027    0.0143
   261/299     13.6G   0.03701  0.009372  0.006072   0.05245        74       640    0.5306    0.5149    0.4763    0.2885   0.08029   0.02026   0.01426
   262/299     13.6G   0.03872  0.009751  0.005062   0.05353        81       640    0.5241    0.5056    0.4898    0.2863   0.08006   0.02043   0.01443
   263/299     13.6G   0.03565  0.009198  0.005213   0.05006        66       640    0.5402    0.5014    0.4825    0.2832   0.07971   0.02059   0.01452
   264/299     13.6G   0.03425  0.008547  0.004747   0.04754        56       640    0.6185    0.4903    0.5062     0.285   0.07901   0.02095   0.01448
   265/299     13.6G   0.03491  0.008887  0.003921   0.04772        80       640    0.6492    0.5059     0.518    0.2902   0.07887   0.02106   0.01416
   266/299     13.6G   0.03674  0.009252  0.004236   0.05023        70       640    0.6174    0.5148    0.5008     0.285   0.07842   0.02126   0.01359
   267/299     13.6G   0.03648  0.008974  0.005193   0.05065        61       640     0.683    0.5245    0.5216    0.2924   0.07845   0.02113   0.01366
   268/299     13.6G   0.03639  0.009923  0.004734   0.05105       103       640     0.791      0.46     0.531    0.2967   0.07846   0.02095   0.01398
   269/299     13.6G   0.03738  0.009352  0.005917   0.05265        66       640    0.7819    0.4554    0.5325     0.303   0.07832   0.02097   0.01437
   270/299     13.6G   0.03722  0.009066  0.004219    0.0505       106       640     0.682    0.5012    0.5265    0.2961     0.079   0.02078   0.01385
   271/299     13.6G   0.03598  0.008679  0.004604   0.04926        80       640    0.6588    0.5015    0.5156    0.2967   0.07898   0.02082   0.01404
   272/299     13.6G   0.03835  0.009388  0.004848   0.05259        76       640    0.6588    0.4462    0.4873    0.2935   0.07867   0.02099   0.01479
   273/299     13.6G   0.03471  0.009212  0.004873    0.0488        81       640    0.6107    0.4415     0.481    0.2973   0.07841   0.02102   0.01453
   274/299     13.6G    0.0354  0.008467  0.004538    0.0484        91       640    0.5907    0.4412    0.4738    0.2892   0.07932   0.02083   0.01469
   275/299     13.6G   0.03698  0.008891  0.005144   0.05102        53       640    0.5577    0.4598    0.4815    0.2893    0.0799   0.02054   0.01498
   276/299     13.6G   0.03895  0.008784  0.004232   0.05197        66       640    0.5246    0.5013    0.4922    0.2961   0.07929   0.02048    0.0143
   277/299     13.6G   0.03757  0.008558  0.005273    0.0514        79       640    0.5634    0.5336     0.526    0.3047   0.07873   0.02063   0.01411
   278/299     13.6G   0.03382  0.008703  0.003776    0.0463        69       640    0.6284    0.4644    0.5073    0.3082   0.07853   0.02058   0.01414
   279/299     13.6G   0.03666   0.01023  0.003942   0.05083        63       640    0.6325    0.5102    0.5331    0.3097   0.07849   0.02044   0.01381
   280/299     13.6G   0.03848  0.008436  0.004238   0.05115        38       640    0.6922    0.4785    0.5315     0.317   0.07825   0.02053   0.01355
   281/299     13.6G   0.03564  0.008715  0.003998   0.04835        56       640    0.7062    0.4556    0.5284    0.3136   0.07803   0.02073   0.01371
   282/299     13.6G    0.0347  0.008219  0.004523   0.04744        72       640    0.5531    0.5014    0.5117    0.3061   0.07785   0.02095   0.01393
   283/299     13.6G   0.03473  0.008102  0.004058   0.04689        85       640    0.6848    0.4554    0.5266    0.3136   0.07795   0.02093    0.0137
   284/299     13.6G   0.03683  0.008636  0.004706   0.05018        83       640     0.808    0.4186    0.5214    0.3146   0.07767   0.02099   0.01397
   285/299     13.6G   0.03663  0.008439  0.004275   0.04935        74       640    0.7868     0.447    0.5381    0.3172   0.07686   0.02138   0.01366
   286/299     13.6G   0.03405  0.008987  0.003961     0.047        72       640    0.7895    0.4369    0.5109    0.3089   0.07699   0.02135   0.01372
   287/299     13.6G   0.03725  0.009153  0.004189   0.05059        89       640    0.8023    0.4323    0.5231    0.3144   0.07772   0.02086   0.01354
   288/299     13.6G   0.03619  0.008587   0.00364   0.04842        76       640    0.7619     0.446    0.5329    0.3212   0.07766   0.02071   0.01335
   289/299     13.6G   0.03626   0.00902  0.004423    0.0497        72       640    0.8154    0.4525     0.549    0.3128   0.07754   0.02069   0.01345
   290/299     13.6G   0.03672  0.009498  0.003633   0.04985        87       640    0.6656    0.5195    0.5436    0.3122   0.07724   0.02071   0.01326
   291/299     13.6G   0.03308  0.008759  0.003822   0.04566        72       640    0.6703    0.5153    0.5436    0.3121   0.07708   0.02087   0.01321
   292/299     13.6G    0.0381  0.008658  0.003879   0.05063        52       640    0.7117    0.4786    0.5409    0.3162    0.0769   0.02115   0.01315
   293/299     13.6G   0.03604  0.008515  0.004118   0.04867        59       640    0.6228    0.5059    0.5348    0.3109    0.0777   0.02085    0.0132
   294/299     13.6G   0.03622  0.008775  0.003908    0.0489        62       640    0.7176    0.4692    0.5324    0.3086   0.07799   0.02059   0.01345
   295/299     13.6G   0.03398  0.009129  0.003532   0.04664        93       640    0.7453    0.4554    0.5346     0.306   0.07805   0.02051   0.01434
   296/299     13.6G    0.0355  0.009353   0.00435    0.0492        82       640    0.7861    0.4228    0.5294    0.3109   0.07836   0.02039   0.01521
   297/299     13.6G   0.03321  0.008585  0.003937   0.04573        68       640    0.8122    0.4279     0.543    0.3113   0.07821   0.02038   0.01464
   298/299     13.6G   0.03601  0.008683  0.004812   0.04951        94       640     0.755    0.4968    0.5453    0.3134   0.07785   0.02062   0.01402
   299/299     13.6G   0.03641  0.009057   0.00414   0.04961        90       640    0.7131    0.5014    0.5384    0.3188   0.07761   0.02085   0.01378
